92.55 70.00 0.017 0.4363 0.5833333333333334 1.28547 1.28547 -1 0.25 0.25 -1
92.55 72.50 0.017 0.4133 0.5833333333333334 1.28547 1.28547 -1 0.25 0.25 -1
92.55 75.00 0.017 0.40380000000000005 0.5833333333333334 1.28547 1.28547 -1 0.25 0.25 -1
92.55 77.50 0.017 0.402 0.5833333333333334 1.28547 1.28547 -1 0.25 0.25 -1
92.55 80.00 0.017 0.3876 0.5833333333333334 1.28547 1.28547 -1 0.25 0.25 -1
92.55 82.50 0.017 0.40399999999999997 0.5833333333333334 1.28547 1.28547 -1 0.25 0.25 -1
92.55 85.00 0.017 0.40049999999999997 0.5833333333333334 1.28547 1.28547 -1 0.25 0.25 -1
92.55 87.50 0.017 0.3718 0.5833333333333334 1.28547 1.28547 -1 0.25 0.25 -1
92.55 90.00 0.017 0.3782 0.5833333333333334 1.28547 1.28547 -1 0.25 0.25 -1
92.55 92.50 0.017 0.3722 0.5833333333333334 1.28547 1.28547 -1 0.25 0.25 -1
92.55 95.00 0.017 0.3713 0.5833333333333334 1.28547 1.28547 -1 0.25 0.25 -1
92.55 97.50 0.017 0.3605 0.5833333333333334 1.28547 1.28547 -1 0.25 0.25 -1
92.55 100.00 0.017 0.359 0.5833333333333334 1.28547 1.28547 -1 0.25 0.25 -1
92.55 105.00 0.017 0.3375 0.5833333333333334 1.28547 1.28547 -1 0.25 0.25 -1
92.55 110.00 0.017 0.335 0.5833333333333334 1.28547 1.28547 -1 0.25 0.25 -1
92.55 115.00 0.017 0.3179 0.5833333333333334 1.28547 1.28547 -1 0.25 0.25 -1
92.55 120.00 0.017 0.3042 0.5833333333333334 1.28547 1.28547 -1 0.25 0.25 -1
92.55 125.00 0.017 0.3004 0.5833333333333334 1.28547 1.28547 -1 0.25 0.25 -1
92.55 130.00 0.017 0.29710000000000003 0.5833333333333334 1.28547 1.28547 -1 0.25 0.25 -1
92.55 135.00 0.017 0.2823 0.5833333333333334 1.28547 1.28547 -1 0.25 0.25 -1
92.55 70.00 0.017 0.5043 0.5833333333333334 1.28547 1.28547 -1 0.25 0.25 -1
92.55 72.50 0.017 0.48979999999999996 0.5833333333333334 1.28547 1.28547 -1 0.25 0.25 -1
92.55 75.00 0.017 0.4818 0.5833333333333334 1.28547 1.28547 -1 0.25 0.25 -1
92.55 77.50 0.017 0.4767 0.5833333333333334 1.28547 1.28547 -1 0.25 0.25 -1
92.55 80.00 0.017 0.44630000000000003 0.5833333333333334 1.28547 1.28547 -1 0.25 0.25 -1
92.55 82.50 0.017 0.4581 0.5833333333333334 1.28547 1.28547 -1 0.25 0.25 -1
92.55 85.00 0.017 0.44799999999999995 0.5833333333333334 1.28547 1.28547 -1 0.25 0.25 -1
92.55 87.50 0.017 0.44310000000000005 0.5833333333333334 1.28547 1.28547 -1 0.25 0.25 -1
92.55 90.00 0.017 0.4354 0.5833333333333334 1.28547 1.28547 -1 0.25 0.25 -1
92.55 92.50 0.017 0.4286 0.5833333333333334 1.28547 1.28547 -1 0.25 0.25 -1
92.55 95.00 0.017 0.42100000000000004 0.5833333333333334 1.28547 1.28547 -1 0.25 0.25 -1
92.55 97.50 0.017 0.4213 0.5833333333333334 1.28547 1.28547 -1 0.25 0.25 -1
92.55 100.00 0.017 0.4119 0.5833333333333334 1.28547 1.28547 -1 0.25 0.25 -1
92.55 105.00 0.017 0.4003 0.5833333333333334 1.28547 1.28547 -1 0.25 0.25 -1
92.55 110.00 0.017 0.4004 0.5833333333333334 1.28547 1.28547 -1 0.25 0.25 -1
92.55 115.00 0.017 0.4012 0.5833333333333334 1.28547 1.28547 -1 0.25 0.25 -1
92.55 120.00 0.017 0.3993 0.5833333333333334 1.28547 1.28547 -1 0.25 0.25 -1
92.55 125.00 0.017 0.4175 0.5833333333333334 1.28547 1.28547 -1 0.25 0.25 -1
92.55 130.00 0.017 0.4241 0.5833333333333334 1.28547 1.28547 -1 0.25 0.25 -1
92.55 135.00 0.017 0.45659999999999995 0.5833333333333334 1.28547 1.28547 -1 0.25 0.25 -1
