152.45 115 0.05 0.19 0.01643835616438356 0.001 -1 0.001 -1
182.79 120 0.05 0.19 0.01643835616438356 0.001 -1 0.001 -1
178.32 125 0.05 0.19 0.01643835616438356 0.001 -1 0.001 -1
173.38 130 0.05 0.19 0.01643835616438356 0.001 -1 0.001 -1
167.92 135 0.05 0.19 0.01643835616438356 0.001 -1 0.001 -1
162.95 140 0.05 0.19 0.01643835616438356 0.001 -1 0.001 -1
158.65 145 0.05 0.19 0.01643835616438356 0.001 -1 0.001 -1
153.1 150 0.05 0.19 0.01643835616438356 0.001 -1 0.001 -1
148.7 155 0.05 0.19 0.01643835616438356 0.001 -1 0.001 -1
142.85 160 0.05 0.19 0.01643835616438356 0.001 -1 0.001 -1
138.35 165 0.05 0.19 0.01643835616438356 0.001 -1 0.001 -1
137.8 170 0.05 0.19 0.01643835616438356 0.001 -1 0.001 -1
128.4 175 0.05 0.19 0.01643835616438356 0.001 -1 0.001 -1
128.79 180 0.05 0.19 0.01643835616438356 0.001 -1 0.001 -1
118.1 185 0.05 0.19 0.01643835616438356 0.001 -1 0.001 -1
112.78 190 0.05 0.19 0.01643835616438356 0.001 -1 0.001 -1
112.55 195 0.05 0.19 0.01643835616438356 0.001 -1 0.001 -1
107.55 200 0.05 0.19 0.01643835616438356 0.001 -1 0.001 -1
98.7 205 0.05 0.19 0.01643835616438356 0.001 -1 0.001 -1
94.8 210 0.05 0.19 0.01643835616438356 0.001 -1 0.001 -1
92.91 215 0.05 0.19 0.01643835616438356 0.001 -1 0.001 -1
87.75 220 0.05 0.19 0.01643835616438356 0.001 -1 0.001 -1
82.35 225 0.05 0.19 0.01643835616438356 0.001 -1 0.001 -1
75 230 0.05 0.19 0.01643835616438356 0.001 -1 0.001 -1
74.88 235 0.05 0.19 0.01643835616438356 0.001 -1 0.001 -1
69.35 240 0.05 0.19 0.01643835616438356 0.001 -1 0.001 -1
61.43 245 0.05 0.19 0.01643835616438356 0.001 -1 0.001 -1
60.3 250 0.05 6844.750000000001 0.01643835616438356 0.001 -1 0.001 -1
52.89 255 0.05 0.19 0.01643835616438356 0.001 -1 0.001 -1
50.1 260 0.05 685.4300000000001 0.01643835616438356 0.001 -1 0.001 -1
44.2 265 0.05 1147.91 0.01643835616438356 0.001 -1 0.001 -1
37.5 267.5 0.05 0.19 0.01643835616438356 0.001 -1 0.001 -1
40.2 270 0.05 1541.84 0.01643835616438356 0.001 -1 0.001 -1
32.93 272.5 0.05 0.19 0.01643835616438356 0.001 -1 0.001 -1
35.2 275 0.05 901.6500000000001 0.01643835616438356 0.001 -1 0.001 -1
30.4 277.5 0.05 948.82 0.01643835616438356 0.001 -1 0.001 -1
30.3 280 0.05 3536.7 0.01643835616438356 0.001 -1 0.001 -1
27.8 282.5 0.05 3268.28 0.01643835616438356 0.001 -1 0.001 -1
25.4 285 0.05 3382.73 0.01643835616438356 0.001 -1 0.001 -1
22.9 287.5 0.05 3090.36 0.01643835616438356 0.001 -1 0.001 -1
20.5 290 0.05 3039.23 0.01643835616438356 0.001 -1 0.001 -1
18.1 292.5 0.05 2913.09 0.01643835616438356 0.001 -1 0.001 -1
15.79 295 0.05 2859.7799999999997 0.01643835616438356 0.001 -1 0.001 -1
13.57 297.5 0.05 2819.97 0.01643835616438356 0.001 -1 0.001 -1
11.45 300 0.05 2774.4900000000002 0.01643835616438356 0.001 -1 0.001 -1
9.35 302.5 0.05 2646.58 0.01643835616438356 0.001 -1 0.001 -1
7.55 305 0.05 2630.78 0.01643835616438356 0.001 -1 0.001 -1
5.85 307.5 0.05 2556.27 0.01643835616438356 0.001 -1 0.001 -1
4.45 310 0.05 2535.65 0.01643835616438356 0.001 -1 0.001 -1
3.15 312.5 0.05 2439.23 0.01643835616438356 0.001 -1 0.001 -1
2.2 315 0.05 2411.0299999999997 0.01643835616438356 0.001 -1 0.001 -1
1.53 317.5 0.05 2426.9500000000003 0.01643835616438356 0.001 -1 0.001 -1
1.02 320 0.05 2429.82 0.01643835616438356 0.001 -1 0.001 -1
0.67 322.5 0.05 2446.58 0.01643835616438356 0.001 -1 0.001 -1
0.44 325 0.05 2479.7599999999998 0.01643835616438356 0.001 -1 0.001 -1
0.21 330 0.05 2619.89 0.01643835616438356 0.001 -1 0.001 -1
0.13 335 0.05 2871.81 0.01643835616438356 0.001 -1 0.001 -1
0.08 340 0.05 3091.0499999999997 0.01643835616438356 0.001 -1 0.001 -1
0.06 345 0.05 3372.3599999999997 0.01643835616438356 0.001 -1 0.001 -1
0.04 350 0.05 3579.3399999999997 0.01643835616438356 0.001 -1 0.001 -1
0.02 355 0.05 3655.34 0.01643835616438356 0.001 -1 0.001 -1
0.02 360 0.05 3990.8 0.01643835616438356 0.001 -1 0.001 -1
0.01 365 0.05 4042.0299999999997 0.01643835616438356 0.001 -1 0.001 -1
0.02 370 0.05 4639.37 0.01643835616438356 0.001 -1 0.001 -1
0.01 375 0.05 4643.67 0.01643835616438356 0.001 -1 0.001 -1
0.01 380 0.05 0 0.01643835616438356 0.001 -1 0.001 -1
0.01 385 0.05 0 0.01643835616438356 0.001 -1 0.001 -1
0.01 390 0.05 0 0.01643835616438356 0.001 -1 0.001 -1
0.02 395 0.05 0 0.01643835616438356 0.001 -1 0.001 -1
0.01 400 0.05 6051.14 0.01643835616438356 0.001 -1 0.001 -1
None 125 0.05 0.19 0.03561643835616438 0.001 -1 0.001 -1
None 130 0.05 0.19 0.03561643835616438 0.001 -1 0.001 -1
None 135 0.05 0.19 0.03561643835616438 0.001 -1 0.001 -1
None 140 0.05 0.19 0.03561643835616438 0.001 -1 0.001 -1
None 145 0.05 0.19 0.03561643835616438 0.001 -1 0.001 -1
153.03 150 0.05 0.19 0.03561643835616438 0.001 -1 0.001 -1
None 155 0.05 0.19 0.03561643835616438 0.001 -1 0.001 -1
118.07 160 0.05 0.19 0.03561643835616438 0.001 -1 0.001 -1
138.05 165 0.05 0.19 0.03561643835616438 0.001 -1 0.001 -1
95.65 170 0.05 0.19 0.03561643835616438 0.001 -1 0.001 -1
None 175 0.05 0.19 0.03561643835616438 0.001 -1 0.001 -1
None 180 0.05 0.19 0.03561643835616438 0.001 -1 0.001 -1
None 185 0.05 0.19 0.03561643835616438 0.001 -1 0.001 -1
84.64 190 0.05 0.19 0.03561643835616438 0.001 -1 0.001 -1
97.25 195 0.05 0.19 0.03561643835616438 0.001 -1 0.001 -1
103.15 200 0.05 0.19 0.03561643835616438 0.001 -1 0.001 -1
None 205 0.05 0.19 0.03561643835616438 0.001 -1 0.001 -1
93.39 210 0.05 0.19 0.03561643835616438 0.001 -1 0.001 -1
None 215 0.05 0.19 0.03561643835616438 0.001 -1 0.001 -1
None 217.5 0.05 0.19 0.03561643835616438 0.001 -1 0.001 -1
83.7 220 0.05 0.19 0.03561643835616438 0.001 -1 0.001 -1
None 222.5 0.05 46.089999999999996 0.03561643835616438 0.001 -1 0.001 -1
78.12 225 0.05 0.19 0.03561643835616438 0.001 -1 0.001 -1
75.72 227.5 0.05 159.23000000000002 0.03561643835616438 0.001 -1 0.001 -1
76.4 230 0.05 0.19 0.03561643835616438 0.001 -1 0.001 -1
71.01 232.5 0.05 1809.81 0.03561643835616438 0.001 -1 0.001 -1
68.54 235 0.05 2461.26 0.03561643835616438 0.001 -1 0.001 -1
65.71 237.5 0.05 2790.42 0.03561643835616438 0.001 -1 0.001 -1
63.7 240 0.05 3184.33 0.03561643835616438 0.001 -1 0.001 -1
60.74 242.5 0.05 3584.7999999999997 0.03561643835616438 0.001 -1 0.001 -1
64.4 245 0.05 2019.22 0.03561643835616438 0.001 -1 0.001 -1
55.77 247.5 0.05 3025.56 0.03561643835616438 0.001 -1 0.001 -1
57.6 250 0.05 0.19 0.03561643835616438 0.001 -1 0.001 -1
50.78 252.5 0.05 1842.8799999999999 0.03561643835616438 0.001 -1 0.001 -1
53.5 255 0.05 1541.53 0.03561643835616438 0.001 -1 0.001 -1
52.08 257.5 0.05 3622.8900000000003 0.03561643835616438 0.001 -1 0.001 -1
50.09 260 0.05 3059.48 0.03561643835616438 0.001 -1 0.001 -1
41.6 262.5 0.05 2804.2999999999997 0.03561643835616438 0.001 -1 0.001 -1
43.26 265 0.05 2234.69 0.03561643835616438 0.001 -1 0.001 -1
39.73 267.5 0.05 1337.8999999999999 0.03561643835616438 0.001 -1 0.001 -1
39.65 270 0.05 1293.5700000000002 0.03561643835616438 0.001 -1 0.001 -1
37.79 272.5 0.05 2455.31 0.03561643835616438 0.001 -1 0.001 -1
35.6 275 0.05 3518.64 0.03561643835616438 0.001 -1 0.001 -1
28.42 277.5 0.05 0.19 0.03561643835616438 0.001 -1 0.001 -1
30.51 280 0.05 2893.81 0.03561643835616438 0.001 -1 0.001 -1
28.37 282.5 0.05 3255.91 0.03561643835616438 0.001 -1 0.001 -1
26 285 0.05 3164.78 0.03561643835616438 0.001 -1 0.001 -1
23.65 287.5 0.05 3064.81 0.03561643835616438 0.001 -1 0.001 -1
21.2 290 0.05 2849.55 0.03561643835616438 0.001 -1 0.001 -1
17.01 292.5 0.05 872.11 0.03561643835616438 0.001 -1 0.001 -1
17 295 0.05 2872.58 0.03561643835616438 0.001 -1 0.001 -1
15.05 297.5 0.05 2881.13 0.03561643835616438 0.001 -1 0.001 -1
13 300 0.05 2779.51 0.03561643835616438 0.001 -1 0.001 -1
10.72 302.5 0.05 2525.63 0.03561643835616438 0.001 -1 0.001 -1
9.25 305 0.05 2602.07 0.03561643835616438 0.001 -1 0.001 -1
7.8 307.5 0.05 2614.03 0.03561643835616438 0.001 -1 0.001 -1
6.4 310 0.05 2581.36 0.03561643835616438 0.001 -1 0.001 -1
5.05 312.5 0.05 2504.0099999999998 0.03561643835616438 0.001 -1 0.001 -1
4 315 0.05 2483.7 0.03561643835616438 0.001 -1 0.001 -1
3.13 317.5 0.05 2473.47 0.03561643835616438 0.001 -1 0.001 -1
2.37 320 0.05 2445.2000000000003 0.03561643835616438 0.001 -1 0.001 -1
1.76 322.5 0.05 2421.66 0.03561643835616438 0.001 -1 0.001 -1
1.33 325 0.05 2433.51 0.03561643835616438 0.001 -1 0.001 -1
0.73 330 0.05 2455.49 0.03561643835616438 0.001 -1 0.001 -1
0.44 335 0.05 2554.83 0.03561643835616438 0.001 -1 0.001 -1
0.3 340 0.05 2713.21 0.03561643835616438 0.001 -1 0.001 -1
0.23 345 0.05 2913.9500000000003 0.03561643835616438 0.001 -1 0.001 -1
0.16 350 0.05 3049.78 0.03561643835616438 0.001 -1 0.001 -1
0.13 355 0.05 3245.94 0.03561643835616438 0.001 -1 0.001 -1
0.1 360 0.05 3403.0 0.03561643835616438 0.001 -1 0.001 -1
0.08 365 0.05 3566.6400000000003 0.03561643835616438 0.001 -1 0.001 -1
0.07 370 0.05 3760.51 0.03561643835616438 0.001 -1 0.001 -1
0.05 375 0.05 3853.3900000000003 0.03561643835616438 0.001 -1 0.001 -1
0.04 380 0.05 3989.19 0.03561643835616438 0.001 -1 0.001 -1
None 135 0.05 0.19 0.0547945205479452 0.001 -1 0.001 -1
160.79 140 0.05 0.19 0.0547945205479452 0.001 -1 0.001 -1
None 145 0.05 0.19 0.0547945205479452 0.001 -1 0.001 -1
None 150 0.05 0.19 0.0547945205479452 0.001 -1 0.001 -1
None 155 0.05 0.19 0.0547945205479452 0.001 -1 0.001 -1
113.01 160 0.05 0.19 0.0547945205479452 0.001 -1 0.001 -1
108.46 165 0.05 0.19 0.0547945205479452 0.001 -1 0.001 -1
None 170 0.05 0.19 0.0547945205479452 0.001 -1 0.001 -1
106.01 175 0.05 0.19 0.0547945205479452 0.001 -1 0.001 -1
None 180 0.05 0.19 0.0547945205479452 0.001 -1 0.001 -1
118.35 185 0.05 0.19 0.0547945205479452 0.001 -1 0.001 -1
117.8 190 0.05 0.19 0.0547945205479452 0.001 -1 0.001 -1
108.28 195 0.05 0.19 0.0547945205479452 0.001 -1 0.001 -1
107.12 200 0.05 0.19 0.0547945205479452 0.001 -1 0.001 -1
98.11 205 0.05 0.19 0.0547945205479452 0.001 -1 0.001 -1
79.6 210 0.05 2119.67 0.0547945205479452 0.001 -1 0.001 -1
75.48 215 0.05 2922.86 0.0547945205479452 0.001 -1 0.001 -1
86.05 220 0.05 0.19 0.0547945205479452 0.001 -1 0.001 -1
78.19 225 0.05 4166.79 0.0547945205479452 0.001 -1 0.001 -1
76.13 230 0.05 0.19 0.0547945205479452 0.001 -1 0.001 -1
68.14 235 0.05 5230.429999999999 0.0547945205479452 0.001 -1 0.001 -1
63 240 0.05 5060.62 0.0547945205479452 0.001 -1 0.001 -1
53.45 242.5 0.05 5184.3 0.0547945205479452 0.001 -1 0.001 -1
58.24 245 0.05 4924.5 0.0547945205479452 0.001 -1 0.001 -1
42.88 247.5 0.05 2002.46 0.0547945205479452 0.001 -1 0.001 -1
53.09 250 0.05 4549.89 0.0547945205479452 0.001 -1 0.001 -1
50.81 252.5 0.05 3414.68 0.0547945205479452 0.001 -1 0.001 -1
53.59 255 0.05 2828.9300000000003 0.0547945205479452 0.001 -1 0.001 -1
46.16 257.5 0.05 3713.8399999999997 0.0547945205479452 0.001 -1 0.001 -1
44.25 260 0.05 4257.92 0.0547945205479452 0.001 -1 0.001 -1
47 262.5 0.05 984.61 0.0547945205479452 0.001 -1 0.001 -1
42.5 265 0.05 2200.34 0.0547945205479452 0.001 -1 0.001 -1
35.97 267.5 0.05 3517.75 0.0547945205479452 0.001 -1 0.001 -1
39.8 270 0.05 2076.03 0.0547945205479452 0.001 -1 0.001 -1
38.44 272.5 0.05 3445.99 0.0547945205479452 0.001 -1 0.001 -1
35.82 275 0.05 3096.98 0.0547945205479452 0.001 -1 0.001 -1
30.2 277.5 0.05 2168.7200000000003 0.0547945205479452 0.001 -1 0.001 -1
30.4 280 0.05 1856.26 0.0547945205479452 0.001 -1 0.001 -1
26.56 282.5 0.05 496.98 0.0547945205479452 0.001 -1 0.001 -1
26.25 285 0.05 2739.4500000000003 0.0547945205479452 0.001 -1 0.001 -1
21.45 287.5 0.05 201.79999999999998 0.0547945205479452 0.001 -1 0.001 -1
21.68 290 0.05 2604.6600000000003 0.0547945205479452 0.001 -1 0.001 -1
20 292.5 0.05 2822.21 0.0547945205479452 0.001 -1 0.001 -1
17.91 295 0.05 2759.25 0.0547945205479452 0.001 -1 0.001 -1
15.76 297.5 0.05 2639.9 0.0547945205479452 0.001 -1 0.001 -1
14.15 300 0.05 2710.36 0.0547945205479452 0.001 -1 0.001 -1
12.28 302.5 0.05 2633.1600000000003 0.0547945205479452 0.001 -1 0.001 -1
10.7 305 0.05 2623.65 0.0547945205479452 0.001 -1 0.001 -1
9 307.5 0.05 2530.68 0.0547945205479452 0.001 -1 0.001 -1
7.75 310 0.05 2549.25 0.0547945205479452 0.001 -1 0.001 -1
6.35 312.5 0.05 2472.5 0.0547945205479452 0.001 -1 0.001 -1
5.2 315 0.05 2434.3900000000003 0.0547945205479452 0.001 -1 0.001 -1
4.15 317.5 0.05 2383.02 0.0547945205479452 0.001 -1 0.001 -1
3.3 320 0.05 2354.72 0.0547945205479452 0.001 -1 0.001 -1
2.61 322.5 0.05 2339.8900000000003 0.0547945205479452 0.001 -1 0.001 -1
2.04 325 0.05 2328.1600000000003 0.0547945205479452 0.001 -1 0.001 -1
1.23 330 0.05 2327.7999999999997 0.0547945205479452 0.001 -1 0.001 -1
0.74 335 0.05 2353.52 0.0547945205479452 0.001 -1 0.001 -1
0.49 340 0.05 2442.6 0.0547945205479452 0.001 -1 0.001 -1
0.34 345 0.05 2549.1800000000003 0.0547945205479452 0.001 -1 0.001 -1
0.26 350 0.05 2691.76 0.0547945205479452 0.001 -1 0.001 -1
0.22 355 0.05 2868.7400000000002 0.0547945205479452 0.001 -1 0.001 -1
0.23 360 0.05 3136.15 0.0547945205479452 0.001 -1 0.001 -1
0.14 365 0.05 3135.07 0.0547945205479452 0.001 -1 0.001 -1
0.14 370 0.05 3356.7500000000005 0.0547945205479452 0.001 -1 0.001 -1
0.1 375 0.05 3417.12 0.0547945205479452 0.001 -1 0.001 -1
0.05 380 0.05 3334.38 0.0547945205479452 0.001 -1 0.001 -1
0.08 385 0.05 3719.1200000000003 0.0547945205479452 0.001 -1 0.001 -1
0.07 390 0.05 3850.5899999999997 0.0547945205479452 0.001 -1 0.001 -1
152.4 145 0.05 0.19 0.07397260273972603 0.001 -1 0.001 -1
None 150 0.05 0.19 0.07397260273972603 0.001 -1 0.001 -1
None 155 0.05 0.19 0.07397260273972603 0.001 -1 0.001 -1
141.75 160 0.05 0.19 0.07397260273972603 0.001 -1 0.001 -1
None 165 0.05 0.19 0.07397260273972603 0.001 -1 0.001 -1
None 170 0.05 0.19 0.07397260273972603 0.001 -1 0.001 -1
None 175 0.05 0.19 0.07397260273972603 0.001 -1 0.001 -1
None 180 0.05 0.19 0.07397260273972603 0.001 -1 0.001 -1
None 185 0.05 0.19 0.07397260273972603 0.001 -1 0.001 -1
113.01 190 0.05 0.19 0.07397260273972603 0.001 -1 0.001 -1
94.63 195 0.05 1897.0400000000002 0.07397260273972603 0.001 -1 0.001 -1
102.99 200 0.05 3006.4900000000002 0.07397260273972603 0.001 -1 0.001 -1
97.93 205 0.05 3880.99 0.07397260273972603 0.001 -1 0.001 -1
79.37 210 0.05 4508.27 0.07397260273972603 0.001 -1 0.001 -1
None 215 0.05 3066.7400000000002 0.07397260273972603 0.001 -1 0.001 -1
86.8 220 0.05 0.19 0.07397260273972603 0.001 -1 0.001 -1
84.71 225 0.05 3519.49 0.07397260273972603 0.001 -1 0.001 -1
78.03 230 0.05 826.8000000000001 0.07397260273972603 0.001 -1 0.001 -1
72.17 235 0.05 390.74 0.07397260273972603 0.001 -1 0.001 -1
68.36 240 0.05 2440.89 0.07397260273972603 0.001 -1 0.001 -1
63.33 245 0.05 2674.03 0.07397260273972603 0.001 -1 0.001 -1
60.6 250 0.05 3775.7599999999998 0.07397260273972603 0.001 -1 0.001 -1
42 252.5 0.05 3855.59 0.07397260273972603 0.001 -1 0.001 -1
48.61 255 0.05 3790.79 0.07397260273972603 0.001 -1 0.001 -1
50.9 257.5 0.05 2930.23 0.07397260273972603 0.001 -1 0.001 -1
47.15 260 0.05 2204.62 0.07397260273972603 0.001 -1 0.001 -1
41.18 262.5 0.05 3630.7499999999995 0.07397260273972603 0.001 -1 0.001 -1
45.3 265 0.05 497.49 0.07397260273972603 0.001 -1 0.001 -1
39.15 267.5 0.05 1945.25 0.07397260273972603 0.001 -1 0.001 -1
37.12 270 0.05 2123.52 0.07397260273972603 0.001 -1 0.001 -1
28.29 272.5 0.05 3129.29 0.07397260273972603 0.001 -1 0.001 -1
34.74 275 0.05 1730.5700000000002 0.07397260273972603 0.001 -1 0.001 -1
27.94 277.5 0.05 3168.6 0.07397260273972603 0.001 -1 0.001 -1
31.72 280 0.05 3023.64 0.07397260273972603 0.001 -1 0.001 -1
24 282.5 0.05 3057.23 0.07397260273972603 0.001 -1 0.001 -1
27.15 285 0.05 2880.59 0.07397260273972603 0.001 -1 0.001 -1
25.51 287.5 0.05 3089.73 0.07397260273972603 0.001 -1 0.001 -1
23.1 290 0.05 2903.87 0.07397260273972603 0.001 -1 0.001 -1
21.04 292.5 0.05 2853.79 0.07397260273972603 0.001 -1 0.001 -1
18.21 295 0.05 2485.1299999999997 0.07397260273972603 0.001 -1 0.001 -1
16.75 297.5 0.05 2624.68 0.07397260273972603 0.001 -1 0.001 -1
15.5 300 0.05 2779.7799999999997 0.07397260273972603 0.001 -1 0.001 -1
13.8 302.5 0.05 2746.18 0.07397260273972603 0.001 -1 0.001 -1
12.1 305 0.05 2683.89 0.07397260273972603 0.001 -1 0.001 -1
10.5 307.5 0.05 2622.9700000000003 0.07397260273972603 0.001 -1 0.001 -1
9.1 310 0.05 2590.29 0.07397260273972603 0.001 -1 0.001 -1
7.8 312.5 0.05 2554.59 0.07397260273972603 0.001 -1 0.001 -1
6.6 315 0.05 2514.97 0.07397260273972603 0.001 -1 0.001 -1
5.52 317.5 0.05 2476.72 0.07397260273972603 0.001 -1 0.001 -1
4.55 320 0.05 2436.6800000000003 0.07397260273972603 0.001 -1 0.001 -1
3.75 322.5 0.05 2415.1800000000003 0.07397260273972603 0.001 -1 0.001 -1
3.05 325 0.05 2392.12 0.07397260273972603 0.001 -1 0.001 -1
1.93 330 0.05 2341.71 0.07397260273972603 0.001 -1 0.001 -1
1.24 335 0.05 2342.5899999999997 0.07397260273972603 0.001 -1 0.001 -1
0.81 340 0.05 2371.64 0.07397260273972603 0.001 -1 0.001 -1
0.55 345 0.05 2428.19 0.07397260273972603 0.001 -1 0.001 -1
0.4 350 0.05 2516.95 0.07397260273972603 0.001 -1 0.001 -1
0.33 355 0.05 2657.49 0.07397260273972603 0.001 -1 0.001 -1
0.26 360 0.05 2766.55 0.07397260273972603 0.001 -1 0.001 -1
0.22 365 0.05 2899.6 0.07397260273972603 0.001 -1 0.001 -1
0.19 370 0.05 3033.58 0.07397260273972603 0.001 -1 0.001 -1
0.19 375 0.05 3227.33 0.07397260273972603 0.001 -1 0.001 -1
0.16 380 0.05 3334.7999999999997 0.07397260273972603 0.001 -1 0.001 -1
None 150 0.05 0.19 0.09315068493150686 0.001 -1 0.001 -1
None 155 0.05 0.19 0.09315068493150686 0.001 -1 0.001 -1
None 160 0.05 0.19 0.09315068493150686 0.001 -1 0.001 -1
None 165 0.05 0.19 0.09315068493150686 0.001 -1 0.001 -1
None 170 0.05 0.19 0.09315068493150686 0.001 -1 0.001 -1
None 175 0.05 0.19 0.09315068493150686 0.001 -1 0.001 -1
123.29 180 0.05 418.87999999999994 0.09315068493150686 0.001 -1 0.001 -1
118.27 185 0.05 2463.72 0.09315068493150686 0.001 -1 0.001 -1
None 190 0.05 3599.6699999999996 0.09315068493150686 0.001 -1 0.001 -1
None 195 0.05 4428.72 0.09315068493150686 0.001 -1 0.001 -1
103.13 200 0.05 1438.02 0.09315068493150686 0.001 -1 0.001 -1
None 205 0.05 3292.83 0.09315068493150686 0.001 -1 0.001 -1
None 210 0.05 2765.46 0.09315068493150686 0.001 -1 0.001 -1
None 215 0.05 5197.23 0.09315068493150686 0.001 -1 0.001 -1
None 220 0.05 4486.98 0.09315068493150686 0.001 -1 0.001 -1
None 225 0.05 4457.4 0.09315068493150686 0.001 -1 0.001 -1
None 230 0.05 4357.94 0.09315068493150686 0.001 -1 0.001 -1
None 235 0.05 4288.46 0.09315068493150686 0.001 -1 0.001 -1
58.28 240 0.05 4219.639999999999 0.09315068493150686 0.001 -1 0.001 -1
53.55 245 0.05 3963.4300000000003 0.09315068493150686 0.001 -1 0.001 -1
54.54 250 0.05 3903.9700000000003 0.09315068493150686 0.001 -1 0.001 -1
None 255 0.05 3815.2299999999996 0.09315068493150686 0.001 -1 0.001 -1
45.19 260 0.05 3551.3399999999997 0.09315068493150686 0.001 -1 0.001 -1
47.1 262.5 0.05 1743.03 0.09315068493150686 0.001 -1 0.001 -1
44.51 265 0.05 1578.28 0.09315068493150686 0.001 -1 0.001 -1
34.98 267.5 0.05 3255.24 0.09315068493150686 0.001 -1 0.001 -1
37.87 270 0.05 2408.91 0.09315068493150686 0.001 -1 0.001 -1
32.7 272.5 0.05 3449.35 0.09315068493150686 0.001 -1 0.001 -1
35.65 275 0.05 1969.1 0.09315068493150686 0.001 -1 0.001 -1
29.07 277.5 0.05 3183.55 0.09315068493150686 0.001 -1 0.001 -1
32.49 280 0.05 3082.73 0.09315068493150686 0.001 -1 0.001 -1
29.2 282.5 0.05 2481.39 0.09315068493150686 0.001 -1 0.001 -1
27.85 285 0.05 2867.83 0.09315068493150686 0.001 -1 0.001 -1
24.79 287.5 0.05 2426.89 0.09315068493150686 0.001 -1 0.001 -1
21.52 290 0.05 1866.6299999999999 0.09315068493150686 0.001 -1 0.001 -1
21.3 292.5 0.05 2623.86 0.09315068493150686 0.001 -1 0.001 -1
20.1 295 0.05 2832.69 0.09315068493150686 0.001 -1 0.001 -1
17.23 297.5 0.05 2480.95 0.09315068493150686 0.001 -1 0.001 -1
16.75 300 0.05 2833.9300000000003 0.09315068493150686 0.001 -1 0.001 -1
14.28 302.5 0.05 2576.72 0.09315068493150686 0.001 -1 0.001 -1
13.5 305 0.05 2766.34 0.09315068493150686 0.001 -1 0.001 -1
11.9 307.5 0.05 2704.82 0.09315068493150686 0.001 -1 0.001 -1
10.6 310 0.05 2698.4100000000003 0.09315068493150686 0.001 -1 0.001 -1
9.05 312.5 0.05 2601.72 0.09315068493150686 0.001 -1 0.001 -1
7.96 315 0.05 2599.6400000000003 0.09315068493150686 0.001 -1 0.001 -1
6.8 317.5 0.05 2552.97 0.09315068493150686 0.001 -1 0.001 -1
5.72 320 0.05 2499.9900000000002 0.09315068493150686 0.001 -1 0.001 -1
4.75 322.5 0.05 2448.25 0.09315068493150686 0.001 -1 0.001 -1
3.95 325 0.05 2416.26 0.09315068493150686 0.001 -1 0.001 -1
2.64 330 0.05 2354.74 0.09315068493150686 0.001 -1 0.001 -1
1.72 335 0.05 2314.28 0.09315068493150686 0.001 -1 0.001 -1
1.15 340 0.05 2319.44 0.09315068493150686 0.001 -1 0.001 -1
0.76 345 0.05 2330.56 0.09315068493150686 0.001 -1 0.001 -1
0.55 350 0.05 2394.64 0.09315068493150686 0.001 -1 0.001 -1
0.38 355 0.05 2434.53 0.09315068493150686 0.001 -1 0.001 -1
0.28 360 0.05 2501.43 0.09315068493150686 0.001 -1 0.001 -1
0.2 365 0.05 2552.15 0.09315068493150686 0.001 -1 0.001 -1
0.24 370 0.05 2807.78 0.09315068493150686 0.001 -1 0.001 -1
0.12 375 0.05 2704.29 0.09315068493150686 0.001 -1 0.001 -1
0.16 380 0.05 2979.4 0.09315068493150686 0.001 -1 0.001 -1
228.67 75 0.05 0.19 0.11232876712328767 0.001 -1 0.001 -1
223.29 80 0.05 0.19 0.11232876712328767 0.001 -1 0.001 -1
218.65 85 0.05 0.19 0.11232876712328767 0.001 -1 0.001 -1
214.8 90 0.05 0.19 0.11232876712328767 0.001 -1 0.001 -1
208.7 95 0.05 0.19 0.11232876712328767 0.001 -1 0.001 -1
209.5 100 0.05 0.19 0.11232876712328767 0.001 -1 0.001 -1
198.3 105 0.05 0.19 0.11232876712328767 0.001 -1 0.001 -1
193.67 110 0.05 0.19 0.11232876712328767 0.001 -1 0.001 -1
188.3 115 0.05 0.19 0.11232876712328767 0.001 -1 0.001 -1
182.05 120 0.05 0.19 0.11232876712328767 0.001 -1 0.001 -1
178.35 125 0.05 0.19 0.11232876712328767 0.001 -1 0.001 -1
176 130 0.05 0.19 0.11232876712328767 0.001 -1 0.001 -1
168.75 135 0.05 0.19 0.11232876712328767 0.001 -1 0.001 -1
169.94 140 0.05 0.19 0.11232876712328767 0.001 -1 0.001 -1
160.5 145 0.05 0.19 0.11232876712328767 0.001 -1 0.001 -1
157.2 150 0.05 0.19 0.11232876712328767 0.001 -1 0.001 -1
150.34 155 0.05 0.19 0.11232876712328767 0.001 -1 0.001 -1
149.15 160 0.05 0.19 0.11232876712328767 0.001 -1 0.001 -1
143.38 165 0.05 0.19 0.11232876712328767 0.001 -1 0.001 -1
138 170 0.05 0.19 0.11232876712328767 0.001 -1 0.001 -1
132.68 175 0.05 0.19 0.11232876712328767 0.001 -1 0.001 -1
128.4 180 0.05 0.19 0.11232876712328767 0.001 -1 0.001 -1
121.35 185 0.05 0.19 0.11232876712328767 0.001 -1 0.001 -1
119.64 190 0.05 745.51 0.11232876712328767 0.001 -1 0.001 -1
112.06 195 0.05 0.19 0.11232876712328767 0.001 -1 0.001 -1
110.1 200 0.05 4057.5200000000004 0.11232876712328767 0.001 -1 0.001 -1
101.86 205 0.05 0.19 0.11232876712328767 0.001 -1 0.001 -1
98.95 210 0.05 2178.25 0.11232876712328767 0.001 -1 0.001 -1
92.11 215 0.05 0.19 0.11232876712328767 0.001 -1 0.001 -1
90.45 220 0.05 2115.13 0.11232876712328767 0.001 -1 0.001 -1
85 225 0.05 1965.4099999999999 0.11232876712328767 0.001 -1 0.001 -1
77.89 230 0.05 2446.1200000000003 0.11232876712328767 0.001 -1 0.001 -1
72.97 235 0.05 2698.48 0.11232876712328767 0.001 -1 0.001 -1
71 240 0.05 4124.43 0.11232876712328767 0.001 -1 0.001 -1
63.35 245 0.05 3051.32 0.11232876712328767 0.001 -1 0.001 -1
61.25 250 0.05 3843.68 0.11232876712328767 0.001 -1 0.001 -1
56.45 255 0.05 3734.7499999999995 0.11232876712328767 0.001 -1 0.001 -1
51.4 260 0.05 3387.7400000000002 0.11232876712328767 0.001 -1 0.001 -1
45.06 265 0.05 453.87000000000006 0.11232876712328767 0.001 -1 0.001 -1
41.7 270 0.05 3003.76 0.11232876712328767 0.001 -1 0.001 -1
37.8 275 0.05 3271.8 0.11232876712328767 0.001 -1 0.001 -1
33.4 280 0.05 3173.28 0.11232876712328767 0.001 -1 0.001 -1
29.13 285 0.05 3070.3700000000003 0.11232876712328767 0.001 -1 0.001 -1
25.1 290 0.05 2989.66 0.11232876712328767 0.001 -1 0.001 -1
21.45 295 0.05 2954.55 0.11232876712328767 0.001 -1 0.001 -1
17.88 300 0.05 2868.18 0.11232876712328767 0.001 -1 0.001 -1
14.65 305 0.05 2796.56 0.11232876712328767 0.001 -1 0.001 -1
11.7 310 0.05 2716.28 0.11232876712328767 0.001 -1 0.001 -1
9.05 315 0.05 2626.4700000000003 0.11232876712328767 0.001 -1 0.001 -1
6.7 320 0.05 2521.13 0.11232876712328767 0.001 -1 0.001 -1
4.85 325 0.05 2446.93 0.11232876712328767 0.001 -1 0.001 -1
3.35 330 0.05 2368.66 0.11232876712328767 0.001 -1 0.001 -1
2.28 335 0.05 2321.08 0.11232876712328767 0.001 -1 0.001 -1
1.5 340 0.05 2279.43 0.11232876712328767 0.001 -1 0.001 -1
1.01 345 0.05 2275.62 0.11232876712328767 0.001 -1 0.001 -1
0.7 350 0.05 2297.88 0.11232876712328767 0.001 -1 0.001 -1
0.5 355 0.05 2337.9100000000003 0.11232876712328767 0.001 -1 0.001 -1
0.36 360 0.05 2381.12 0.11232876712328767 0.001 -1 0.001 -1
0.28 365 0.05 2453.84 0.11232876712328767 0.001 -1 0.001 -1
0.21 370 0.05 2507.93 0.11232876712328767 0.001 -1 0.001 -1
0.19 375 0.05 2628.85 0.11232876712328767 0.001 -1 0.001 -1
0.18 380 0.05 2762.1099999999997 0.11232876712328767 0.001 -1 0.001 -1
0.12 385 0.05 2757.61 0.11232876712328767 0.001 -1 0.001 -1
0.15 390 0.05 2985.01 0.11232876712328767 0.001 -1 0.001 -1
0.1 395 0.05 2969.54 0.11232876712328767 0.001 -1 0.001 -1
0.09 400 0.05 3064.21 0.11232876712328767 0.001 -1 0.001 -1
0.04 405 0.05 2921.1099999999997 0.11232876712328767 0.001 -1 0.001 -1
0.06 410 0.05 3173.2 0.11232876712328767 0.001 -1 0.001 -1
0.06 420 0.05 3413.36 0.11232876712328767 0.001 -1 0.001 -1
0.08 430 0.05 3761.3300000000004 0.11232876712328767 0.001 -1 0.001 -1
0.05 440 0.05 0 0.11232876712328767 0.001 -1 0.001 -1
0.04 450 0.05 3926.59 0.11232876712328767 0.001 -1 0.001 -1
0.01 460 0.05 3661.61 0.11232876712328767 0.001 -1 0.001 -1
0.03 470 0.05 0 0.11232876712328767 0.001 -1 0.001 -1
0.03 480 0.05 4407.59 0.11232876712328767 0.001 -1 0.001 -1
0.08 490 0.05 0 0.11232876712328767 0.001 -1 0.001 -1
0.02 500 0.05 4609.09 0.11232876712328767 0.001 -1 0.001 -1
None 185 0.05 3045.84 0.13150684931506848 0.001 -1 0.001 -1
None 190 0.05 2330.73 0.13150684931506848 0.001 -1 0.001 -1
None 195 0.05 3966.6600000000003 0.13150684931506848 0.001 -1 0.001 -1
None 200 0.05 4705.63 0.13150684931506848 0.001 -1 0.001 -1
None 205 0.05 4701.639999999999 0.13150684931506848 0.001 -1 0.001 -1
None 210 0.05 4629.37 0.13150684931506848 0.001 -1 0.001 -1
None 215 0.05 4593.93 0.13150684931506848 0.001 -1 0.001 -1
None 220 0.05 4505.97 0.13150684931506848 0.001 -1 0.001 -1
None 225 0.05 4478.53 0.13150684931506848 0.001 -1 0.001 -1
None 230 0.05 4281.47 0.13150684931506848 0.001 -1 0.001 -1
74.17 235 0.05 3558.43 0.13150684931506848 0.001 -1 0.001 -1
64.32 240 0.05 4054.13 0.13150684931506848 0.001 -1 0.001 -1
None 245 0.05 3950.83 0.13150684931506848 0.001 -1 0.001 -1
57.78 250 0.05 2768.29 0.13150684931506848 0.001 -1 0.001 -1
None 255 0.05 3712.52 0.13150684931506848 0.001 -1 0.001 -1
48.1 260 0.05 2679.0299999999997 0.13150684931506848 0.001 -1 0.001 -1
42.3 265 0.05 3492.18 0.13150684931506848 0.001 -1 0.001 -1
41.18 270 0.05 2358.43 0.13150684931506848 0.001 -1 0.001 -1
None 275 0.05 3280.6 0.13150684931506848 0.001 -1 0.001 -1
None 277.5 0.05 3243.1800000000003 0.13150684931506848 0.001 -1 0.001 -1
32.1 280 0.05 2374.8 0.13150684931506848 0.001 -1 0.001 -1
29.92 282.5 0.05 2365.21 0.13150684931506848 0.001 -1 0.001 -1
26.73 285 0.05 1901.26 0.13150684931506848 0.001 -1 0.001 -1
None 287.5 0.05 3103.04 0.13150684931506848 0.001 -1 0.001 -1
25.8 290 0.05 2950.61 0.13150684931506848 0.001 -1 0.001 -1
22.9 292.5 0.05 2642.71 0.13150684931506848 0.001 -1 0.001 -1
21.2 295 0.05 2656.45 0.13150684931506848 0.001 -1 0.001 -1
19.72 297.5 0.05 2704.42 0.13150684931506848 0.001 -1 0.001 -1
19 300 0.05 2910.72 0.13150684931506848 0.001 -1 0.001 -1
17.28 302.5 0.05 2855.46 0.13150684931506848 0.001 -1 0.001 -1
15.72 305 0.05 2821.5699999999997 0.13150684931506848 0.001 -1 0.001 -1
14.08 307.5 0.05 2753.5699999999997 0.13150684931506848 0.001 -1 0.001 -1
12.8 310 0.05 2749.11 0.13150684931506848 0.001 -1 0.001 -1
11.75 312.5 0.05 2777.89 0.13150684931506848 0.001 -1 0.001 -1
10.25 315 0.05 2689.85 0.13150684931506848 0.001 -1 0.001 -1
8.83 317.5 0.05 2600.73 0.13150684931506848 0.001 -1 0.001 -1
7.48 320 0.05 2506.6400000000003 0.13150684931506848 0.001 -1 0.001 -1
6.8 322.5 0.05 2546.96 0.13150684931506848 0.001 -1 0.001 -1
5.79 325 0.05 2491.3599999999997 0.13150684931506848 0.001 -1 0.001 -1
4.3 330 0.05 2449.4900000000002 0.13150684931506848 0.001 -1 0.001 -1
2.95 335 0.05 2360.24 0.13150684931506848 0.001 -1 0.001 -1
1.98 340 0.05 2295.28 0.13150684931506848 0.001 -1 0.001 -1
1.35 345 0.05 2270.26 0.13150684931506848 0.001 -1 0.001 -1
1.04 350 0.05 2329.15 0.13150684931506848 0.001 -1 0.001 -1
0.73 355 0.05 2336.7799999999997 0.13150684931506848 0.001 -1 0.001 -1
0.91 360 0.05 2647.44 0.13150684931506848 0.001 -1 0.001 -1
0.38 365 0.05 2389.5600000000004 0.13150684931506848 0.001 -1 0.001 -1
0.11 370 0.05 2115.5 0.13150684931506848 0.001 -1 0.001 -1
0.01 375 0.05 1741.77 0.13150684931506848 0.001 -1 0.001 -1
188.1 115 0.05 0.19 0.18904109589041096 0.001 -1 0.001 -1
183.27 120 0.05 0.19 0.18904109589041096 0.001 -1 0.001 -1
None 125 0.05 0.19 0.18904109589041096 0.001 -1 0.001 -1
None 130 0.05 0.19 0.18904109589041096 0.001 -1 0.001 -1
173.19 135 0.05 0.19 0.18904109589041096 0.001 -1 0.001 -1
163.2 140 0.05 0.19 0.18904109589041096 0.001 -1 0.001 -1
158.14 145 0.05 949.0999999999999 0.18904109589041096 0.001 -1 0.001 -1
153.5 150 0.05 2175.0299999999997 0.18904109589041096 0.001 -1 0.001 -1
148.27 155 0.05 3426.62 0.18904109589041096 0.001 -1 0.001 -1
143.08 160 0.05 4480.16 0.18904109589041096 0.001 -1 0.001 -1
143.56 165 0.05 0.19 0.18904109589041096 0.001 -1 0.001 -1
123.25 170 0.05 3402.6000000000004 0.18904109589041096 0.001 -1 0.001 -1
133.3 175 0.05 0.19 0.18904109589041096 0.001 -1 0.001 -1
102.55 180 0.05 65.32 0.18904109589041096 0.001 -1 0.001 -1
117.38 185 0.05 4426.97 0.18904109589041096 0.001 -1 0.001 -1
113.35 190 0.05 1353.75 0.18904109589041096 0.001 -1 0.001 -1
109.23 195 0.05 4613.68 0.18904109589041096 0.001 -1 0.001 -1
104 200 0.05 2097.83 0.18904109589041096 0.001 -1 0.001 -1
100.91 205 0.05 867.6600000000001 0.18904109589041096 0.001 -1 0.001 -1
101 210 0.05 4276.32 0.18904109589041096 0.001 -1 0.001 -1
89.75 215 0.05 4429.53 0.18904109589041096 0.001 -1 0.001 -1
91.1 220 0.05 3954.39 0.18904109589041096 0.001 -1 0.001 -1
84.58 225 0.05 1444.24 0.18904109589041096 0.001 -1 0.001 -1
79.73 230 0.05 1919.44 0.18904109589041096 0.001 -1 0.001 -1
72.42 235 0.05 2781.06 0.18904109589041096 0.001 -1 0.001 -1
71.67 240 0.05 3601.31 0.18904109589041096 0.001 -1 0.001 -1
64 245 0.05 950.55 0.18904109589041096 0.001 -1 0.001 -1
62.5 250 0.05 3623.0800000000004 0.18904109589041096 0.001 -1 0.001 -1
57.54 255 0.05 3379.2000000000003 0.18904109589041096 0.001 -1 0.001 -1
53.39 260 0.05 3487.2599999999998 0.18904109589041096 0.001 -1 0.001 -1
47.12 265 0.05 2653.99 0.18904109589041096 0.001 -1 0.001 -1
44.53 270 0.05 3317.4500000000003 0.18904109589041096 0.001 -1 0.001 -1
40.4 275 0.05 3275.3100000000004 0.18904109589041096 0.001 -1 0.001 -1
36.33 280 0.05 3209.58 0.18904109589041096 0.001 -1 0.001 -1
32.35 285 0.05 3129.4 0.18904109589041096 0.001 -1 0.001 -1
28.9 290 0.05 3130.35 0.18904109589041096 0.001 -1 0.001 -1
25.2 295 0.05 3033.45 0.18904109589041096 0.001 -1 0.001 -1
21.85 300 0.05 2968.44 0.18904109589041096 0.001 -1 0.001 -1
18.75 305 0.05 2908.9500000000003 0.18904109589041096 0.001 -1 0.001 -1
15.85 310 0.05 2842.4900000000002 0.18904109589041096 0.001 -1 0.001 -1
13.25 315 0.05 2785.4399999999996 0.18904109589041096 0.001 -1 0.001 -1
10.73 320 0.05 2694.8599999999997 0.18904109589041096 0.001 -1 0.001 -1
8.58 325 0.05 2622.65 0.18904109589041096 0.001 -1 0.001 -1
6.65 330 0.05 2539.01 0.18904109589041096 0.001 -1 0.001 -1
5.1 335 0.05 2477.13 0.18904109589041096 0.001 -1 0.001 -1
3.85 340 0.05 2425.7000000000003 0.18904109589041096 0.001 -1 0.001 -1
2.86 345 0.05 2382.35 0.18904109589041096 0.001 -1 0.001 -1
2.07 350 0.05 2338.47 0.18904109589041096 0.001 -1 0.001 -1
1.54 355 0.05 2328.38 0.18904109589041096 0.001 -1 0.001 -1
1.17 360 0.05 2337.82 0.18904109589041096 0.001 -1 0.001 -1
0.85 365 0.05 2328.05 0.18904109589041096 0.001 -1 0.001 -1
0.67 370 0.05 2361.9700000000003 0.18904109589041096 0.001 -1 0.001 -1
0.46 375 0.05 2336.1 0.18904109589041096 0.001 -1 0.001 -1
0.37 380 0.05 2379.12 0.18904109589041096 0.001 -1 0.001 -1
0.3 385 0.05 2422.9900000000002 0.18904109589041096 0.001 -1 0.001 -1
0.23 390 0.05 2444.5 0.18904109589041096 0.001 -1 0.001 -1
0.22 395 0.05 2582.83 0.18904109589041096 0.001 -1 0.001 -1
0.21 400 0.05 2637.85 0.18904109589041096 0.001 -1 0.001 -1
0.29 405 0.05 2738.11 0.18904109589041096 0.001 -1 0.001 -1
0.21 410 0.05 2872.85 0.18904109589041096 0.001 -1 0.001 -1
0.2 415 0.05 2920.47 0.18904109589041096 0.001 -1 0.001 -1
0.15 420 0.05 2932.32 0.18904109589041096 0.001 -1 0.001 -1
0.13 425 0.05 2977.77 0.18904109589041096 0.001 -1 0.001 -1
0.11 430 0.05 3012.81 0.18904109589041096 0.001 -1 0.001 -1
0.12 435 0.05 3137.35 0.18904109589041096 0.001 -1 0.001 -1
0.09 440 0.05 3124.46 0.18904109589041096 0.001 -1 0.001 -1
None 445 0.05 0 0.18904109589041096 0.001 -1 0.001 -1
0.1 450 0.05 3338.5800000000004 0.18904109589041096 0.001 -1 0.001 -1
0.13 460 0.05 3529.2999999999997 0.18904109589041096 0.001 -1 0.001 -1
0.1 470 0.05 3676.82 0.18904109589041096 0.001 -1 0.001 -1
0.04 480 0.05 0 0.18904109589041096 0.001 -1 0.001 -1
0.05 490 0.05 3821.18 0.18904109589041096 0.001 -1 0.001 -1
0.07 500 0.05 3999.33 0.18904109589041096 0.001 -1 0.001 -1
207.77 95 0.05 0.19 0.36164383561643837 0.001 -1 0.001 -1
210 100 0.05 0.19 0.36164383561643837 0.001 -1 0.001 -1
97.38 105 0.05 0.19 0.36164383561643837 0.001 -1 0.001 -1
197.45 110 0.05 0.19 0.36164383561643837 0.001 -1 0.001 -1
187.77 115 0.05 1534.78 0.36164383561643837 0.001 -1 0.001 -1
188.5 120 0.05 0.19 0.36164383561643837 0.001 -1 0.001 -1
80.51 125 0.05 3557.5000000000005 0.36164383561643837 0.001 -1 0.001 -1
156.05 130 0.05 3950.23 0.36164383561643837 0.001 -1 0.001 -1
167.77 135 0.05 4359.33 0.36164383561643837 0.001 -1 0.001 -1
103.8 140 0.05 2355.04 0.36164383561643837 0.001 -1 0.001 -1
105.66 145 0.05 2678.65 0.36164383561643837 0.001 -1 0.001 -1
154.08 150 0.05 3686.9700000000003 0.36164383561643837 0.001 -1 0.001 -1
149.2 155 0.05 2542.96 0.36164383561643837 0.001 -1 0.001 -1
92.03 160 0.05 1842.63 0.36164383561643837 0.001 -1 0.001 -1
139.4 165 0.05 3939.86 0.36164383561643837 0.001 -1 0.001 -1
134.48 170 0.05 3906.29 0.36164383561643837 0.001 -1 0.001 -1
128.83 175 0.05 4215.84 0.36164383561643837 0.001 -1 0.001 -1
112.9 180 0.05 4028.32 0.36164383561643837 0.001 -1 0.001 -1
119 185 0.05 4038.98 0.36164383561643837 0.001 -1 0.001 -1
115.04 190 0.05 3718.2400000000002 0.36164383561643837 0.001 -1 0.001 -1
109.24 195 0.05 3974.33 0.36164383561643837 0.001 -1 0.001 -1
107.62 200 0.05 3021.3 0.36164383561643837 0.001 -1 0.001 -1
104.84 205 0.05 1878.48 0.36164383561643837 0.001 -1 0.001 -1
95.19 210 0.05 3782.9700000000003 0.36164383561643837 0.001 -1 0.001 -1
90.92 215 0.05 3846.19 0.36164383561643837 0.001 -1 0.001 -1
90.68 220 0.05 1180.71 0.36164383561643837 0.001 -1 0.001 -1
88 225 0.05 3630.0600000000004 0.36164383561643837 0.001 -1 0.001 -1
82.74 230 0.05 3293.88 0.36164383561643837 0.001 -1 0.001 -1
77.54 235 0.05 2990.1499999999996 0.36164383561643837 0.001 -1 0.001 -1
74.6 240 0.05 3591.44 0.36164383561643837 0.001 -1 0.001 -1
65.67 250 0.05 3448.0400000000004 0.36164383561643837 0.001 -1 0.001 -1
57.34 260 0.05 3378.4500000000003 0.36164383561643837 0.001 -1 0.001 -1
49.11 270 0.05 3245.7799999999997 0.36164383561643837 0.001 -1 0.001 -1
41.95 280 0.05 3222.9500000000003 0.36164383561643837 0.001 -1 0.001 -1
35.18 290 0.05 3165.23 0.36164383561643837 0.001 -1 0.001 -1
28.8 300 0.05 3074.98 0.36164383561643837 0.001 -1 0.001 -1
25.95 305 0.05 3043.9900000000002 0.36164383561643837 0.001 -1 0.001 -1
23.14 310 0.05 2995.6800000000003 0.36164383561643837 0.001 -1 0.001 -1
20.5 315 0.05 2947.52 0.36164383561643837 0.001 -1 0.001 -1
18.1 320 0.05 2908.35 0.36164383561643837 0.001 -1 0.001 -1
15.78 325 0.05 2856.31 0.36164383561643837 0.001 -1 0.001 -1
13.6 330 0.05 2798.91 0.36164383561643837 0.001 -1 0.001 -1
11.85 335 0.05 2776.75 0.36164383561643837 0.001 -1 0.001 -1
10.21 340 0.05 2746.5299999999997 0.36164383561643837 0.001 -1 0.001 -1
8.58 345 0.05 2692.6200000000003 0.36164383561643837 0.001 -1 0.001 -1
7.22 350 0.05 2654.52 0.36164383561643837 0.001 -1 0.001 -1
5.05 360 0.05 2595.33 0.36164383561643837 0.001 -1 0.001 -1
3.5 370 0.05 2557.81 0.36164383561643837 0.001 -1 0.001 -1
2.44 380 0.05 2544.0 0.36164383561643837 0.001 -1 0.001 -1
1.7 390 0.05 2541.02 0.36164383561643837 0.001 -1 0.001 -1
1.2 400 0.05 2552.0299999999997 0.36164383561643837 0.001 -1 0.001 -1
0.8 410 0.05 2539.33 0.36164383561643837 0.001 -1 0.001 -1
0.7 420 0.05 2652.2 0.36164383561643837 0.001 -1 0.001 -1
0.53 430 0.05 2692.82 0.36164383561643837 0.001 -1 0.001 -1
0.43 440 0.05 2758.91 0.36164383561643837 0.001 -1 0.001 -1
0.34 450 0.05 2809.63 0.36164383561643837 0.001 -1 0.001 -1
0.33 460 0.05 2937.0699999999997 0.36164383561643837 0.001 -1 0.001 -1
0.29 470 0.05 3019.08 0.36164383561643837 0.001 -1 0.001 -1
0.25 480 0.05 3088.54 0.36164383561643837 0.001 -1 0.001 -1
0.27 490 0.05 3161.74 0.36164383561643837 0.001 -1 0.001 -1
0.25 500 0.05 3333.7200000000003 0.36164383561643837 0.001 -1 0.001 -1
188 115 0.05 3132.37 0.4383561643835616 0.001 -1 0.001 -1
None 120 0.05 3693.62 0.4383561643835616 0.001 -1 0.001 -1
124 125 0.05 4335.3099999999995 0.4383561643835616 0.001 -1 0.001 -1
None 130 0.05 4407.02 0.4383561643835616 0.001 -1 0.001 -1
None 135 0.05 1998.1100000000001 0.4383561643835616 0.001 -1 0.001 -1
115.75 140 0.05 3257.3999999999996 0.4383561643835616 0.001 -1 0.001 -1
86 145 0.05 3286.73 0.4383561643835616 0.001 -1 0.001 -1
131.89 150 0.05 3615.57 0.4383561643835616 0.001 -1 0.001 -1
152.02 155 0.05 1517.76 0.4383561643835616 0.001 -1 0.001 -1
103.84 160 0.05 1076.08 0.4383561643835616 0.001 -1 0.001 -1
121.1 165 0.05 3586.76 0.4383561643835616 0.001 -1 0.001 -1
118.15 170 0.05 3942.6099999999997 0.4383561643835616 0.001 -1 0.001 -1
None 175 0.05 3815.13 0.4383561643835616 0.001 -1 0.001 -1
102 180 0.05 3824.3 0.4383561643835616 0.001 -1 0.001 -1
80.25 185 0.05 3890.7400000000002 0.4383561643835616 0.001 -1 0.001 -1
98.96 190 0.05 3872.1600000000003 0.4383561643835616 0.001 -1 0.001 -1
98.65 195 0.05 3825.8 0.4383561643835616 0.001 -1 0.001 -1
86.06 200 0.05 3832.72 0.4383561643835616 0.001 -1 0.001 -1
84.75 210 0.05 3729.9500000000003 0.4383561643835616 0.001 -1 0.001 -1
85.65 220 0.05 3629.7400000000002 0.4383561643835616 0.001 -1 0.001 -1
70.89 225 0.05 3610.7599999999998 0.4383561643835616 0.001 -1 0.001 -1
77.84 230 0.05 3568.71 0.4383561643835616 0.001 -1 0.001 -1
74.14 235 0.05 3545.32 0.4383561643835616 0.001 -1 0.001 -1
72.38 240 0.05 2334.61 0.4383561643835616 0.001 -1 0.001 -1
65.27 245 0.05 3414.4100000000003 0.4383561643835616 0.001 -1 0.001 -1
67.05 250 0.05 3401.2700000000004 0.4383561643835616 0.001 -1 0.001 -1
60.18 255 0.05 2755.8 0.4383561643835616 0.001 -1 0.001 -1
59 260 0.05 3349.91 0.4383561643835616 0.001 -1 0.001 -1
53.34 265 0.05 3000.6 0.4383561643835616 0.001 -1 0.001 -1
51.25 270 0.05 3274.36 0.4383561643835616 0.001 -1 0.001 -1
45.75 275 0.05 2953.95 0.4383561643835616 0.001 -1 0.001 -1
43 280 0.05 3056.53 0.4383561643835616 0.001 -1 0.001 -1
39.3 285 0.05 2990.73 0.4383561643835616 0.001 -1 0.001 -1
36.5 290 0.05 3030.78 0.4383561643835616 0.001 -1 0.001 -1
33.55 295 0.05 3026.66 0.4383561643835616 0.001 -1 0.001 -1
31.03 300 0.05 3056.56 0.4383561643835616 0.001 -1 0.001 -1
28.38 305 0.05 3048.68 0.4383561643835616 0.001 -1 0.001 -1
25.29 310 0.05 2967.34 0.4383561643835616 0.001 -1 0.001 -1
22.95 315 0.05 2959.42 0.4383561643835616 0.001 -1 0.001 -1
20.58 320 0.05 2928.65 0.4383561643835616 0.001 -1 0.001 -1
17.6 325 0.05 2803.9100000000003 0.4383561643835616 0.001 -1 0.001 -1
16.2 330 0.05 2853.58 0.4383561643835616 0.001 -1 0.001 -1
13.96 335 0.05 2779.82 0.4383561643835616 0.001 -1 0.001 -1
12.4 340 0.05 2772.46 0.4383561643835616 0.001 -1 0.001 -1
10.75 345 0.05 2734.17 0.4383561643835616 0.001 -1 0.001 -1
9.3 350 0.05 2702.88 0.4383561643835616 0.001 -1 0.001 -1
8.05 355 0.05 2680.35 0.4383561643835616 0.001 -1 0.001 -1
6.76 360 0.05 2631.12 0.4383561643835616 0.001 -1 0.001 -1
5.48 365 0.05 2558.78 0.4383561643835616 0.001 -1 0.001 -1
5.05 370 0.05 2614.34 0.4383561643835616 0.001 -1 0.001 -1
3.75 375 0.05 2573.4100000000003 0.4383561643835616 0.001 -1 0.001 -1
3.65 380 0.05 2583.58 0.4383561643835616 0.001 -1 0.001 -1
3.09 385 0.05 2570.7999999999997 0.4383561643835616 0.001 -1 0.001 -1
2.31 390 0.05 2480.0899999999997 0.4383561643835616 0.001 -1 0.001 -1
2.2 395 0.05 2550.2 0.4383561643835616 0.001 -1 0.001 -1
1.95 400 0.05 2573.16 0.4383561643835616 0.001 -1 0.001 -1
1.5 405 0.05 2646.82 0.4383561643835616 0.001 -1 0.001 -1
1.3 410 0.05 2527.84 0.4383561643835616 0.001 -1 0.001 -1
1.22 415 0.05 2580.39 0.4383561643835616 0.001 -1 0.001 -1
1.03 420 0.05 2577.93 0.4383561643835616 0.001 -1 0.001 -1
0.98 425 0.05 2633.52 0.4383561643835616 0.001 -1 0.001 -1
0.8 430 0.05 2614.85 0.4383561643835616 0.001 -1 0.001 -1
0.66 440 0.05 2675.52 0.4383561643835616 0.001 -1 0.001 -1
0.55 450 0.05 2735.74 0.4383561643835616 0.001 -1 0.001 -1
174.66 115 0.05 4094.9300000000003 0.6109589041095891 0.001 -1 0.001 -1
156.8 120 0.05 4280.84 0.6109589041095891 0.001 -1 0.001 -1
None 125 0.05 1142.83 0.6109589041095891 0.001 -1 0.001 -1
167 130 0.05 2221.5499999999997 0.6109589041095891 0.001 -1 0.001 -1
None 135 0.05 2781.9 0.6109589041095891 0.001 -1 0.001 -1
114 140 0.05 3094.37 0.6109589041095891 0.001 -1 0.001 -1
None 145 0.05 3387.67 0.6109589041095891 0.001 -1 0.001 -1
147.9 150 0.05 1919.3200000000002 0.6109589041095891 0.001 -1 0.001 -1
149.7 155 0.05 2676.07 0.6109589041095891 0.001 -1 0.001 -1
110 160 0.05 2347.91 0.6109589041095891 0.001 -1 0.001 -1
80.25 165 0.05 3086.09 0.6109589041095891 0.001 -1 0.001 -1
114 170 0.05 3288.93 0.6109589041095891 0.001 -1 0.001 -1
138.15 175 0.05 4418.96 0.6109589041095891 0.001 -1 0.001 -1
85.9 180 0.05 3519.9199999999996 0.6109589041095891 0.001 -1 0.001 -1
126.3 185 0.05 1925.89 0.6109589041095891 0.001 -1 0.001 -1
97.01 190 0.05 3573.33 0.6109589041095891 0.001 -1 0.001 -1
111.28 195 0.05 3563.6200000000003 0.6109589041095891 0.001 -1 0.001 -1
106.15 200 0.05 3578.0099999999998 0.6109589041095891 0.001 -1 0.001 -1
101.21 210 0.05 1197.6499999999999 0.6109589041095891 0.001 -1 0.001 -1
92.4 220 0.05 2258.53 0.6109589041095891 0.001 -1 0.001 -1
84.95 230 0.05 3023.58 0.6109589041095891 0.001 -1 0.001 -1
77.61 240 0.05 3277.6800000000003 0.6109589041095891 0.001 -1 0.001 -1
70 250 0.05 3323.0899999999997 0.6109589041095891 0.001 -1 0.001 -1
62.5 260 0.05 3304.2000000000003 0.6109589041095891 0.001 -1 0.001 -1
54.45 270 0.05 3150.87 0.6109589041095891 0.001 -1 0.001 -1
48.4 280 0.05 3204.43 0.6109589041095891 0.001 -1 0.001 -1
41.6 290 0.05 3104.56 0.6109589041095891 0.001 -1 0.001 -1
36.13 300 0.05 3100.04 0.6109589041095891 0.001 -1 0.001 -1
33.5 305 0.05 3087.4500000000003 0.6109589041095891 0.001 -1 0.001 -1
30.85 310 0.05 3059.15 0.6109589041095891 0.001 -1 0.001 -1
27.95 315 0.05 2991.8199999999997 0.6109589041095891 0.001 -1 0.001 -1
25.4 320 0.05 2947.75 0.6109589041095891 0.001 -1 0.001 -1
23.9 325 0.05 2998.75 0.6109589041095891 0.001 -1 0.001 -1
21.3 330 0.05 2922.89 0.6109589041095891 0.001 -1 0.001 -1
19.27 335 0.05 2892.7 0.6109589041095891 0.001 -1 0.001 -1
17.46 340 0.05 2872.46 0.6109589041095891 0.001 -1 0.001 -1
15.2 345 0.05 2789.88 0.6109589041095891 0.001 -1 0.001 -1
14 350 0.05 2809.47 0.6109589041095891 0.001 -1 0.001 -1
10.95 360 0.05 2737.5499999999997 0.6109589041095891 0.001 -1 0.001 -1
8.6 370 0.05 2695.29 0.6109589041095891 0.001 -1 0.001 -1
6.9 380 0.05 2689.7 0.6109589041095891 0.001 -1 0.001 -1
5.37 390 0.05 2663.21 0.6109589041095891 0.001 -1 0.001 -1
4.25 400 0.05 2659.37 0.6109589041095891 0.001 -1 0.001 -1
3.22 410 0.05 2629.18 0.6109589041095891 0.001 -1 0.001 -1
2.43 420 0.05 2605.36 0.6109589041095891 0.001 -1 0.001 -1
2.13 430 0.05 2659.2 0.6109589041095891 0.001 -1 0.001 -1
1.7 440 0.05 2683.87 0.6109589041095891 0.001 -1 0.001 -1
1.32 450 0.05 2682.47 0.6109589041095891 0.001 -1 0.001 -1
1.07 460 0.05 2702.02 0.6109589041095891 0.001 -1 0.001 -1
1.13 470 0.05 2792.05 0.6109589041095891 0.001 -1 0.001 -1
0.95 480 0.05 2875.95 0.6109589041095891 0.001 -1 0.001 -1
231.5 75 0.05 0.19 0.6876712328767123 0.001 -1 0.001 -1
223.05 80 0.05 0.19 0.6876712328767123 0.001 -1 0.001 -1
218.7 85 0.05 1090.17 0.6876712328767123 0.001 -1 0.001 -1
216.23 90 0.05 0.19 0.6876712328767123 0.001 -1 0.001 -1
211 95 0.05 2971.0899999999997 0.6876712328767123 0.001 -1 0.001 -1
206.79 100 0.05 0.19 0.6876712328767123 0.001 -1 0.001 -1
200.6 105 0.05 0.19 0.6876712328767123 0.001 -1 0.001 -1
195.48 110 0.05 0.19 0.6876712328767123 0.001 -1 0.001 -1
189.35 115 0.05 4232.57 0.6876712328767123 0.001 -1 0.001 -1
182.05 120 0.05 175.95000000000002 0.6876712328767123 0.001 -1 0.001 -1
185.7 125 0.05 1577.88 0.6876712328767123 0.001 -1 0.001 -1
176.23 130 0.05 1068.07 0.6876712328767123 0.001 -1 0.001 -1
171.07 135 0.05 1401.0300000000002 0.6876712328767123 0.001 -1 0.001 -1
162 140 0.05 3190.4900000000002 0.6876712328767123 0.001 -1 0.001 -1
165 145 0.05 3934.63 0.6876712328767123 0.001 -1 0.001 -1
161 150 0.05 3050.64 0.6876712328767123 0.001 -1 0.001 -1
145 155 0.05 38.43 0.6876712328767123 0.001 -1 0.001 -1
149.58 160 0.05 185.35999999999999 0.6876712328767123 0.001 -1 0.001 -1
145 165 0.05 1468.7 0.6876712328767123 0.001 -1 0.001 -1
142 170 0.05 3242.5400000000004 0.6876712328767123 0.001 -1 0.001 -1
134.96 175 0.05 1630.77 0.6876712328767123 0.001 -1 0.001 -1
130.7 180 0.05 2417.61 0.6876712328767123 0.001 -1 0.001 -1
121.18 185 0.05 3479.81 0.6876712328767123 0.001 -1 0.001 -1
123.11 190 0.05 3469.2 0.6876712328767123 0.001 -1 0.001 -1
111.95 195 0.05 3499.19 0.6876712328767123 0.001 -1 0.001 -1
114 200 0.05 3521.5000000000005 0.6876712328767123 0.001 -1 0.001 -1
108.5 205 0.05 3131.7 0.6876712328767123 0.001 -1 0.001 -1
103.6 210 0.05 3004.38 0.6876712328767123 0.001 -1 0.001 -1
101.25 215 0.05 3667.5899999999997 0.6876712328767123 0.001 -1 0.001 -1
94.8 220 0.05 3089.0699999999997 0.6876712328767123 0.001 -1 0.001 -1
91.14 225 0.05 3272.48 0.6876712328767123 0.001 -1 0.001 -1
86.92 230 0.05 3270.7200000000003 0.6876712328767123 0.001 -1 0.001 -1
82.65 235 0.05 3240.2500000000005 0.6876712328767123 0.001 -1 0.001 -1
79 240 0.05 3308.9700000000003 0.6876712328767123 0.001 -1 0.001 -1
74.6 245 0.05 3224.0699999999997 0.6876712328767123 0.001 -1 0.001 -1
71.3 250 0.05 3304.8 0.6876712328767123 0.001 -1 0.001 -1
65.08 255 0.05 2924.6400000000003 0.6876712328767123 0.001 -1 0.001 -1
63.9 260 0.05 3280.57 0.6876712328767123 0.001 -1 0.001 -1
57.7 265 0.05 2917.69 0.6876712328767123 0.001 -1 0.001 -1
56.5 270 0.05 3202.2599999999998 0.6876712328767123 0.001 -1 0.001 -1
51.46 275 0.05 2986.57 0.6876712328767123 0.001 -1 0.001 -1
50.1 280 0.05 3193.79 0.6876712328767123 0.001 -1 0.001 -1
46.7 285 0.05 3147.17 0.6876712328767123 0.001 -1 0.001 -1
43.7 290 0.05 3132.3 0.6876712328767123 0.001 -1 0.001 -1
40.81 295 0.05 3116.27 0.6876712328767123 0.001 -1 0.001 -1
37.7 300 0.05 3065.54 0.6876712328767123 0.001 -1 0.001 -1
32.4 310 0.05 3021.88 0.6876712328767123 0.001 -1 0.001 -1
27.43 320 0.05 2963.02 0.6876712328767123 0.001 -1 0.001 -1
23.1 330 0.05 2919.35 0.6876712328767123 0.001 -1 0.001 -1
18.65 340 0.05 2816.08 0.6876712328767123 0.001 -1 0.001 -1
15.6 350 0.05 2805.61 0.6876712328767123 0.001 -1 0.001 -1
12.65 360 0.05 2760.64 0.6876712328767123 0.001 -1 0.001 -1
10.15 370 0.05 2719.29 0.6876712328767123 0.001 -1 0.001 -1
8.2 380 0.05 2699.43 0.6876712328767123 0.001 -1 0.001 -1
6.5 390 0.05 2670.12 0.6876712328767123 0.001 -1 0.001 -1
5.1 400 0.05 2641.94 0.6876712328767123 0.001 -1 0.001 -1
4.12 410 0.05 2643.9900000000002 0.6876712328767123 0.001 -1 0.001 -1
3.35 420 0.05 2652.8199999999997 0.6876712328767123 0.001 -1 0.001 -1
2.64 430 0.05 2642.82 0.6876712328767123 0.001 -1 0.001 -1
2.2 440 0.05 2668.86 0.6876712328767123 0.001 -1 0.001 -1
1.86 450 0.05 2701.3 0.6876712328767123 0.001 -1 0.001 -1
1.53 460 0.05 2716.8500000000004 0.6876712328767123 0.001 -1 0.001 -1
1.23 470 0.05 2720.3700000000003 0.6876712328767123 0.001 -1 0.001 -1
1.16 480 0.05 2801.0 0.6876712328767123 0.001 -1 0.001 -1
1.03 490 0.05 2848.2 0.6876712328767123 0.001 -1 0.001 -1
0.9 500 0.05 2884.83 0.6876712328767123 0.001 -1 0.001 -1
235 75 0.05 2411.12 1.1095890410958904 0.001 -1 0.001 -1
224.35 80 0.05 2947.16 1.1095890410958904 0.001 -1 0.001 -1
203 85 0.05 3744.8099999999995 1.1095890410958904 0.001 -1 0.001 -1
216.87 90 0.05 40.38 1.1095890410958904 0.001 -1 0.001 -1
207.7 95 0.05 4049.29 1.1095890410958904 0.001 -1 0.001 -1
206.88 100 0.05 1353.64 1.1095890410958904 0.001 -1 0.001 -1
148.08 105 0.05 418.1 1.1095890410958904 0.001 -1 0.001 -1
158.89 110 0.05 1505.73 1.1095890410958904 0.001 -1 0.001 -1
177.5 115 0.05 2112.08 1.1095890410958904 0.001 -1 0.001 -1
168.9 120 0.05 2367.05 1.1095890410958904 0.001 -1 0.001 -1
167.5 125 0.05 2653.6000000000004 1.1095890410958904 0.001 -1 0.001 -1
174.1 130 0.05 2862.0899999999997 1.1095890410958904 0.001 -1 0.001 -1
123.37 135 0.05 3014.7200000000003 1.1095890410958904 0.001 -1 0.001 -1
172 140 0.05 2437.05 1.1095890410958904 0.001 -1 0.001 -1
165.09 145 0.05 1236.19 1.1095890410958904 0.001 -1 0.001 -1
158.46 150 0.05 3268.82 1.1095890410958904 0.001 -1 0.001 -1
150.4 155 0.05 2402.58 1.1095890410958904 0.001 -1 0.001 -1
150.98 160 0.05 2203.4900000000002 1.1095890410958904 0.001 -1 0.001 -1
139.68 165 0.05 3047.9 1.1095890410958904 0.001 -1 0.001 -1
141.5 170 0.05 2386.12 1.1095890410958904 0.001 -1 0.001 -1
135.73 175 0.05 1874.31 1.1095890410958904 0.001 -1 0.001 -1
131 180 0.05 1959.61 1.1095890410958904 0.001 -1 0.001 -1
126 185 0.05 1884.79 1.1095890410958904 0.001 -1 0.001 -1
123.09 190 0.05 1764.54 1.1095890410958904 0.001 -1 0.001 -1
120.6 195 0.05 3094.02 1.1095890410958904 0.001 -1 0.001 -1
115.25 200 0.05 2833.1800000000003 1.1095890410958904 0.001 -1 0.001 -1
106.02 205 0.05 3292.96 1.1095890410958904 0.001 -1 0.001 -1
93 210 0.05 3288.23 1.1095890410958904 0.001 -1 0.001 -1
97.1 215 0.05 3291.6899999999996 1.1095890410958904 0.001 -1 0.001 -1
93.55 220 0.05 3269.0 1.1095890410958904 0.001 -1 0.001 -1
95.64 225 0.05 3155.34 1.1095890410958904 0.001 -1 0.001 -1
92.44 230 0.05 3252.93 1.1095890410958904 0.001 -1 0.001 -1
87.92 235 0.05 3152.31 1.1095890410958904 0.001 -1 0.001 -1
84.04 240 0.05 3130.5499999999997 1.1095890410958904 0.001 -1 0.001 -1
80.76 245 0.05 3170.0099999999998 1.1095890410958904 0.001 -1 0.001 -1
77.15 250 0.05 3157.39 1.1095890410958904 0.001 -1 0.001 -1
70.75 260 0.05 3187.17 1.1095890410958904 0.001 -1 0.001 -1
64.03 270 0.05 3143.75 1.1095890410958904 0.001 -1 0.001 -1
58.96 275 0.05 2954.61 1.1095890410958904 0.001 -1 0.001 -1
57.78 280 0.05 3110.42 1.1095890410958904 0.001 -1 0.001 -1
52.63 285 0.05 2908.01 1.1095890410958904 0.001 -1 0.001 -1
52.3 290 0.05 3109.96 1.1095890410958904 0.001 -1 0.001 -1
44.9 295 0.05 3057.3599999999997 1.1095890410958904 0.001 -1 0.001 -1
46.25 300 0.05 3030.6 1.1095890410958904 0.001 -1 0.001 -1
40.69 310 0.05 2962.5699999999997 1.1095890410958904 0.001 -1 0.001 -1
36.65 320 0.05 2983.48 1.1095890410958904 0.001 -1 0.001 -1
32 330 0.05 2927.96 1.1095890410958904 0.001 -1 0.001 -1
26.9 340 0.05 2809.46 1.1095890410958904 0.001 -1 0.001 -1
24.44 350 0.05 2866.94 1.1095890410958904 0.001 -1 0.001 -1
20.1 360 0.05 2749.6400000000003 1.1095890410958904 0.001 -1 0.001 -1
17.3 370 0.05 2727.0299999999997 1.1095890410958904 0.001 -1 0.001 -1
15.7 380 0.05 2781.88 1.1095890410958904 0.001 -1 0.001 -1
13.25 390 0.05 2740.85 1.1095890410958904 0.001 -1 0.001 -1
12.2 400 0.05 2807.19 1.1095890410958904 0.001 -1 0.001 -1
9.7 410 0.05 2711.9700000000003 1.1095890410958904 0.001 -1 0.001 -1
8 420 0.05 2669.48 1.1095890410958904 0.001 -1 0.001 -1
6.95 430 0.05 2678.5299999999997 1.1095890410958904 0.001 -1 0.001 -1
6.1 440 0.05 2695.7000000000003 1.1095890410958904 0.001 -1 0.001 -1
5.2 450 0.05 2689.98 1.1095890410958904 0.001 -1 0.001 -1
4.1 460 0.05 2632.77 1.1095890410958904 0.001 -1 0.001 -1
3.85 470 0.05 2712.08 1.1095890410958904 0.001 -1 0.001 -1
3.25 480 0.05 2686.38 1.1095890410958904 0.001 -1 0.001 -1
2.91 490 0.05 2713.75 1.1095890410958904 0.001 -1 0.001 -1
2.5 500 0.05 2715.68 1.1095890410958904 0.001 -1 0.001 -1
167.85 110 0.05 2091.95 1.358904109589041 0.001 -1 0.001 -1
None 115 0.05 2315.85 1.358904109589041 0.001 -1 0.001 -1
122.3 120 0.05 2559.3399999999997 1.358904109589041 0.001 -1 0.001 -1
179.31 125 0.05 2765.09 1.358904109589041 0.001 -1 0.001 -1
174.36 130 0.05 2848.9 1.358904109589041 0.001 -1 0.001 -1
136.69 135 0.05 986.33 1.358904109589041 0.001 -1 0.001 -1
132.25 140 0.05 1758.7700000000002 1.358904109589041 0.001 -1 0.001 -1
164.5 145 0.05 484.46999999999997 1.358904109589041 0.001 -1 0.001 -1
134.21 150 0.05 1380.91 1.358904109589041 0.001 -1 0.001 -1
98.64 155 0.05 2610.51 1.358904109589041 0.001 -1 0.001 -1
150 160 0.05 1224.87 1.358904109589041 0.001 -1 0.001 -1
99 165 0.05 2924.86 1.358904109589041 0.001 -1 0.001 -1
118.88 170 0.05 3045.3399999999997 1.358904109589041 0.001 -1 0.001 -1
89.66 175 0.05 3107.6 1.358904109589041 0.001 -1 0.001 -1
117.5 180 0.05 3143.52 1.358904109589041 0.001 -1 0.001 -1
113.05 185 0.05 3174.63 1.358904109589041 0.001 -1 0.001 -1
123.97 190 0.05 1989.6899999999998 1.358904109589041 0.001 -1 0.001 -1
93.4 195 0.05 3207.92 1.358904109589041 0.001 -1 0.001 -1
108.25 200 0.05 3093.92 1.358904109589041 0.001 -1 0.001 -1
95.5 210 0.05 3229.41 1.358904109589041 0.001 -1 0.001 -1
100.62 220 0.05 2908.69 1.358904109589041 0.001 -1 0.001 -1
92.9 230 0.05 2921.5699999999997 1.358904109589041 0.001 -1 0.001 -1
87.04 240 0.05 3094.38 1.358904109589041 0.001 -1 0.001 -1
81 250 0.05 3175.06 1.358904109589041 0.001 -1 0.001 -1
68.3 260 0.05 3146.9100000000003 1.358904109589041 0.001 -1 0.001 -1
67.55 270 0.05 3090.36 1.358904109589041 0.001 -1 0.001 -1
61 280 0.05 3023.48 1.358904109589041 0.001 -1 0.001 -1
52.2 290 0.05 3062.2599999999998 1.358904109589041 0.001 -1 0.001 -1
50.5 300 0.05 3012.08 1.358904109589041 0.001 -1 0.001 -1
45.8 310 0.05 3006.08 1.358904109589041 0.001 -1 0.001 -1
40 320 0.05 2898.47 1.358904109589041 0.001 -1 0.001 -1
35.42 330 0.05 2853.5699999999997 1.358904109589041 0.001 -1 0.001 -1
32.65 340 0.05 2910.89 1.358904109589041 0.001 -1 0.001 -1
28.08 350 0.05 2820.83 1.358904109589041 0.001 -1 0.001 -1
25.9 360 0.05 2876.8 1.358904109589041 0.001 -1 0.001 -1
21.3 370 0.05 2738.59 1.358904109589041 0.001 -1 0.001 -1
18.77 380 0.05 2798.14 1.358904109589041 0.001 -1 0.001 -1
16.59 390 0.05 2724.91 1.358904109589041 0.001 -1 0.001 -1
15.04 400 0.05 2754.58 1.358904109589041 0.001 -1 0.001 -1
12.49 410 0.05 2785.1800000000003 1.358904109589041 0.001 -1 0.001 -1
11.45 420 0.05 2724.9900000000002 1.358904109589041 0.001 -1 0.001 -1
10.2 430 0.05 2734.83 1.358904109589041 0.001 -1 0.001 -1
8.65 440 0.05 2699.67 1.358904109589041 0.001 -1 0.001 -1
6.9 450 0.05 2724.19 1.358904109589041 0.001 -1 0.001 -1
6.65 460 0.05 2696.77 1.358904109589041 0.001 -1 0.001 -1
5.8 470 0.05 2692.45 1.358904109589041 0.001 -1 0.001 -1
4.7 480 0.05 2732.15 1.358904109589041 0.001 -1 0.001 -1
4.5 490 0.05 2699.53 1.358904109589041 0.001 -1 0.001 -1
3.95 500 0.05 2700.86 1.358904109589041 0.001 -1 0.001 -1
190.85 110 0.05 2272.5 1.704109589041096 0.001 -1 0.001 -1
165.65 115 0.05 2406.13 1.704109589041096 0.001 -1 0.001 -1
168.03 120 0.05 2577.59 1.704109589041096 0.001 -1 0.001 -1
183.69 125 0.05 3257.2200000000003 1.704109589041096 0.001 -1 0.001 -1
174.43 130 0.05 638.97 1.704109589041096 0.001 -1 0.001 -1
176.83 135 0.05 2401.9500000000003 1.704109589041096 0.001 -1 0.001 -1
135 140 0.05 1957.29 1.704109589041096 0.001 -1 0.001 -1
160.06 145 0.05 1431.41 1.704109589041096 0.001 -1 0.001 -1
161.69 150 0.05 2073.57 1.704109589041096 0.001 -1 0.001 -1
134.35 155 0.05 2604.3399999999997 1.704109589041096 0.001 -1 0.001 -1
147.75 160 0.05 2749.06 1.704109589041096 0.001 -1 0.001 -1
118.5 165 0.05 2860.4 1.704109589041096 0.001 -1 0.001 -1
122.5 170 0.05 2918.65 1.704109589041096 0.001 -1 0.001 -1
114 175 0.05 2966.77 1.704109589041096 0.001 -1 0.001 -1
137 180 0.05 2920.94 1.704109589041096 0.001 -1 0.001 -1
107.53 185 0.05 3045.45 1.704109589041096 0.001 -1 0.001 -1
117.59 190 0.05 3058.8999999999996 1.704109589041096 0.001 -1 0.001 -1
118.01 195 0.05 3078.95 1.704109589041096 0.001 -1 0.001 -1
121.05 200 0.05 3103.28 1.704109589041096 0.001 -1 0.001 -1
116.95 205 0.05 3088.2000000000003 1.704109589041096 0.001 -1 0.001 -1
97.5 210 0.05 3110.67 1.704109589041096 0.001 -1 0.001 -1
103.79 215 0.05 3114.02 1.704109589041096 0.001 -1 0.001 -1
103 220 0.05 2797.46 1.704109589041096 0.001 -1 0.001 -1
99.15 225 0.05 2795.7200000000003 1.704109589041096 0.001 -1 0.001 -1
97.27 230 0.05 2994.63 1.704109589041096 0.001 -1 0.001 -1
90.2 235 0.05 3116.62 1.704109589041096 0.001 -1 0.001 -1
91.45 240 0.05 3104.49 1.704109589041096 0.001 -1 0.001 -1
86.25 245 0.05 2936.02 1.704109589041096 0.001 -1 0.001 -1
85 250 0.05 3111.45 1.704109589041096 0.001 -1 0.001 -1
80.95 255 0.05 3036.15 1.704109589041096 0.001 -1 0.001 -1
78.5 260 0.05 3085.42 1.704109589041096 0.001 -1 0.001 -1
75.31 265 0.05 3068.0499999999997 1.704109589041096 0.001 -1 0.001 -1
72.32 270 0.05 3059.96 1.704109589041096 0.001 -1 0.001 -1
67.25 280 0.05 3090.6400000000003 1.704109589041096 0.001 -1 0.001 -1
60.25 290 0.05 2964.61 1.704109589041096 0.001 -1 0.001 -1
55.6 300 0.05 2979.07 1.704109589041096 0.001 -1 0.001 -1
50.9 310 0.05 2968.21 1.704109589041096 0.001 -1 0.001 -1
46.15 320 0.05 2934.49 1.704109589041096 0.001 -1 0.001 -1
41.78 330 0.05 2906.05 1.704109589041096 0.001 -1 0.001 -1
37.42 340 0.05 2860.19 1.704109589041096 0.001 -1 0.001 -1
33.85 350 0.05 2845.63 1.704109589041096 0.001 -1 0.001 -1
30.07 360 0.05 2800.77 1.704109589041096 0.001 -1 0.001 -1
27.05 370 0.05 2786.75 1.704109589041096 0.001 -1 0.001 -1
23.82 380 0.05 2742.84 1.704109589041096 0.001 -1 0.001 -1
21.77 390 0.05 2760.46 1.704109589041096 0.001 -1 0.001 -1
19.79 400 0.05 2769.5 1.704109589041096 0.001 -1 0.001 -1
17.3 410 0.05 2729.09 1.704109589041096 0.001 -1 0.001 -1
16 415 0.05 2698.66 1.704109589041096 0.001 -1 0.001 -1
15.42 420 0.05 2717.51 1.704109589041096 0.001 -1 0.001 -1
14.2 425 0.05 2685.1800000000003 1.704109589041096 0.001 -1 0.001 -1
13.25 430 0.05 2669.33 1.704109589041096 0.001 -1 0.001 -1
13.05 435 0.05 2709.89 1.704109589041096 0.001 -1 0.001 -1
11.8 440 0.05 2663.21 1.704109589041096 0.001 -1 0.001 -1
11.45 445 0.05 2687.2 1.704109589041096 0.001 -1 0.001 -1
10.95 450 0.05 2696.5499999999997 1.704109589041096 0.001 -1 0.001 -1
8.45 455 0.05 2705.81 1.704109589041096 0.001 -1 0.001 -1
10 460 0.05 2703.82 1.704109589041096 0.001 -1 0.001 -1
6.77 465 0.05 2706.06 1.704109589041096 0.001 -1 0.001 -1
8.35 470 0.05 2652.6800000000003 1.704109589041096 0.001 -1 0.001 -1
7.62 475 0.05 2700.65 1.704109589041096 0.001 -1 0.001 -1
8 480 0.05 2707.86 1.704109589041096 0.001 -1 0.001 -1
7.4 485 0.05 2689.57 1.704109589041096 0.001 -1 0.001 -1
7.03 490 0.05 2702.8199999999997 1.704109589041096 0.001 -1 0.001 -1
6.37 500 0.05 2701.23 1.704109589041096 0.001 -1 0.001 -1
6.1 505 0.05 2697.82 1.704109589041096 0.001 -1 0.001 -1
5.6 510 0.05 2715.74 1.704109589041096 0.001 -1 0.001 -1
5.15 515 0.05 2669.42 1.704109589041096 0.001 -1 0.001 -1
5.15 520 0.05 2706.4900000000002 1.704109589041096 0.001 -1 0.001 -1
196.1 115 0.05 1669.48 2.106849315068493 0.001 -1 0.001 -1
172.62 120 0.05 1883.8799999999999 2.106849315068493 0.001 -1 0.001 -1
180 125 0.05 2096.73 2.106849315068493 0.001 -1 0.001 -1
181.26 130 0.05 1701.97 2.106849315068493 0.001 -1 0.001 -1
169 135 0.05 8.92 2.106849315068493 0.001 -1 0.001 -1
173 140 0.05 681.0500000000001 2.106849315068493 0.001 -1 0.001 -1
162 145 0.05 1625.15 2.106849315068493 0.001 -1 0.001 -1
164.55 150 0.05 1990.67 2.106849315068493 0.001 -1 0.001 -1
111.35 155 0.05 2432.85 2.106849315068493 0.001 -1 0.001 -1
155.43 160 0.05 2402.27 2.106849315068493 0.001 -1 0.001 -1
145 165 0.05 2704.31 2.106849315068493 0.001 -1 0.001 -1
132.69 170 0.05 2751.4900000000002 2.106849315068493 0.001 -1 0.001 -1
137.48 175 0.05 2819.58 2.106849315068493 0.001 -1 0.001 -1
139.5 180 0.05 2959.1 2.106849315068493 0.001 -1 0.001 -1
114 185 0.05 2913.7599999999998 2.106849315068493 0.001 -1 0.001 -1
130.5 190 0.05 2848.25 2.106849315068493 0.001 -1 0.001 -1
126 195 0.05 2788.82 2.106849315068493 0.001 -1 0.001 -1
121.75 200 0.05 2762.92 2.106849315068493 0.001 -1 0.001 -1
116.04 210 0.05 3019.79 2.106849315068493 0.001 -1 0.001 -1
108.23 220 0.05 2970.1 2.106849315068493 0.001 -1 0.001 -1
100.95 230 0.05 2948.0899999999997 2.106849315068493 0.001 -1 0.001 -1
93.25 240 0.05 2867.41 2.106849315068493 0.001 -1 0.001 -1
89.65 250 0.05 3084.02 2.106849315068493 0.001 -1 0.001 -1
79.52 255 0.05 3015.11 2.106849315068493 0.001 -1 0.001 -1
83.11 260 0.05 3040.45 2.106849315068493 0.001 -1 0.001 -1
76.72 270 0.05 2989.88 2.106849315068493 0.001 -1 0.001 -1
70.79 280 0.05 2952.7599999999998 2.106849315068493 0.001 -1 0.001 -1
66.52 290 0.05 3000.76 2.106849315068493 0.001 -1 0.001 -1
60.92 300 0.05 2948.32 2.106849315068493 0.001 -1 0.001 -1
56.6 310 0.05 2955.4700000000003 2.106849315068493 0.001 -1 0.001 -1
52.3 320 0.05 2947.08 2.106849315068493 0.001 -1 0.001 -1
47.65 330 0.05 2903.78 2.106849315068493 0.001 -1 0.001 -1
43.61 340 0.05 2880.4500000000003 2.106849315068493 0.001 -1 0.001 -1
40.2 350 0.05 2878.18 2.106849315068493 0.001 -1 0.001 -1
36.5 360 0.05 2846.22 2.106849315068493 0.001 -1 0.001 -1
33.9 370 0.05 2862.84 2.106849315068493 0.001 -1 0.001 -1
30.3 380 0.05 2810.6000000000004 2.106849315068493 0.001 -1 0.001 -1
27.32 390 0.05 2780.83 2.106849315068493 0.001 -1 0.001 -1
25.2 400 0.05 2789.4500000000003 2.106849315068493 0.001 -1 0.001 -1
21.8 410 0.05 2709.57 2.106849315068493 0.001 -1 0.001 -1
18.88 415 0.05 2736.77 2.106849315068493 0.001 -1 0.001 -1
20 420 0.05 2715.03 2.106849315068493 0.001 -1 0.001 -1
19.6 425 0.05 2745.96 2.106849315068493 0.001 -1 0.001 -1
18.17 430 0.05 2708.66 2.106849315068493 0.001 -1 0.001 -1
15.95 435 0.05 2614.3 2.106849315068493 0.001 -1 0.001 -1
16.85 440 0.05 2726.36 2.106849315068493 0.001 -1 0.001 -1
9 445 0.05 2776.9500000000003 2.106849315068493 0.001 -1 0.001 -1
14.2 450 0.05 2711.27 2.106849315068493 0.001 -1 0.001 -1
13.75 455 0.05 2670.3199999999997 2.106849315068493 0.001 -1 0.001 -1
12.65 460 0.05 2713.2200000000003 2.106849315068493 0.001 -1 0.001 -1
12.81 465 0.05 2680.1200000000003 2.106849315068493 0.001 -1 0.001 -1
13.3 470 0.05 2761.17 2.106849315068493 0.001 -1 0.001 -1
10.91 475 0.05 2709.84 2.106849315068493 0.001 -1 0.001 -1
11.5 480 0.05 2709.14 2.106849315068493 0.001 -1 0.001 -1
10.85 485 0.05 2698.36 2.106849315068493 0.001 -1 0.001 -1
