C
19 92.55 70.00 0.017 0.3847 0.8333333333333334 1.28547 1.28547 1.28547 -1 0.25 0.25 0.25 -1
20.85 92.55 72.50 0.017 0.40759999999999996 0.8333333333333334 1.28547 1.28547 1.28547 -1 0.25 0.25 0.25 -1
24.5 92.55 75.00 0.017 0.3982 0.8333333333333334 1.28547 1.28547 1.28547 -1 0.25 0.25 0.25 -1
18.25 92.55 77.50 0.017 0.36869999999999997 0.8333333333333334 1.28547 1.28547 1.28547 -1 0.25 0.25 0.25 -1
19.4 92.55 80.00 0.017 0.3803 0.8333333333333334 1.28547 1.28547 1.28547 -1 0.25 0.25 0.25 -1
16.51 92.55 82.50 0.017 0.3739 0.8333333333333334 1.28547 1.28547 1.28547 -1 0.25 0.25 0.25 -1
14.25 92.55 85.00 0.017 0.36939999999999995 0.8333333333333334 1.28547 1.28547 1.28547 -1 0.25 0.25 0.25 -1
15.65 92.55 87.50 0.017 0.3618 0.8333333333333334 1.28547 1.28547 1.28547 -1 0.25 0.25 0.25 -1
12.1 92.55 90.00 0.017 0.3582 0.8333333333333334 1.28547 1.28547 1.28547 -1 0.25 0.25 0.25 -1
12.47 92.55 92.50 0.017 0.35590000000000005 0.8333333333333334 1.28547 1.28547 1.28547 -1 0.25 0.25 0.25 -1
11.09 92.55 95.00 0.017 0.3467 0.8333333333333334 1.28547 1.28547 1.28547 -1 0.25 0.25 0.25 -1
9.9 92.55 97.50 0.017 0.341 0.8333333333333334 1.28547 1.28547 1.28547 -1 0.25 0.25 0.25 -1
7.55 92.55 100.00 0.017 0.2985 0.8333333333333334 1.28547 1.28547 1.28547 -1 0.25 0.25 0.25 -1
5.15 92.55 105.00 0.017 0.3187 0.8333333333333334 1.28547 1.28547 1.28547 -1 0.25 0.25 0.25 -1
6 92.55 110.00 0.017 0.3107 0.8333333333333334 1.28547 1.28547 1.28547 -1 0.25 0.25 0.25 -1
4.7 92.55 115.00 0.017 0.301 0.8333333333333334 1.28547 1.28547 1.28547 -1 0.25 0.25 0.25 -1
3.42 92.55 120.00 0.017 0.3049 0.8333333333333334 1.28547 1.28547 1.28547 -1 0.25 0.25 0.25 -1
1.4 92.55 125.00 0.017 0.2884 0.8333333333333334 1.28547 1.28547 1.28547 -1 0.25 0.25 0.25 -1
1.5 92.55 130.00 0.017 0.2903 0.8333333333333334 1.28547 1.28547 1.28547 -1 0.25 0.25 0.25 -1
0.83 92.55 135.00 0.017 0.3003 0.8333333333333334 1.28547 1.28547 1.28547 -1 0.25 0.25 0.25 -1
