C
24.61 92.55 70 0.017 0.4742 0.4166666666666667 1.28547 -1 0.25 -1
19.75 92.55 72.5 0.017 0.4365 0.4166666666666667 1.28547 -1 0.25 -1
20 92.55 75 0.017 0.41960000000000003 0.4166666666666667 1.28547 -1 0.25 -1
19.45 92.55 77.5 0.017 0.42 0.4166666666666667 1.28547 -1 0.25 -1
16.45 92.55 80 0.017 0.42590000000000006 0.4166666666666667 1.28547 -1 0.25 -1
11.71 92.55 82.5 0.017 0.40340000000000004 0.4166666666666667 1.28547 -1 0.25 -1
10.2 92.55 85 0.017 0.4082 0.4166666666666667 1.28547 -1 0.25 -1
11.4 92.55 87.5 0.017 0.40399999999999997 0.4166666666666667 1.28547 -1 0.25 -1
10 92.55 90 0.017 0.4004 0.4166666666666667 1.28547 -1 0.25 -1
8.53 92.55 92.5 0.017 0.3881 0.4166666666666667 1.28547 -1 0.25 -1
7.15 92.55 95 0.017 0.3749 0.4166666666666667 1.28547 -1 0.25 -1
6 92.55 97.5 0.017 0.3671 0.4166666666666667 1.28547 -1 0.25 -1
4.65 92.55 100 0.017 0.3439 0.4166666666666667 1.28547 -1 0.25 -1
3.16 92.55 105 0.017 0.3386 0.4166666666666667 1.28547 -1 0.25 -1
1.95 92.55 110 0.017 0.3258 0.4166666666666667 1.28547 -1 0.25 -1
1.05 92.55 115 0.017 0.3075 0.4166666666666667 1.28547 -1 0.25 -1
0.55 92.55 120 0.017 0.2962 0.4166666666666667 1.28547 -1 0.25 -1
0.31 92.55 125 0.017 0.2943 0.4166666666666667 1.28547 -1 0.25 -1
0.15 92.55 130 0.017 0.287 0.4166666666666667 1.28547 -1 0.25 -1
0.04 92.55 135 0.017 0.0 0.4166666666666667 1.28547 -1 0.25 -1
