C
26.5 92.55 70.00 0.017 0.4363 0.5833333333333334 1.28547 1.28547 -1 0.25 0.25 -1
23.75 92.55 72.50 0.017 0.4133 0.5833333333333334 1.28547 1.28547 -1 0.25 0.25 -1
21.25 92.55 75.00 0.017 0.40380000000000005 0.5833333333333334 1.28547 1.28547 -1 0.25 0.25 -1
18.45 92.55 77.50 0.017 0.402 0.5833333333333334 1.28547 1.28547 -1 0.25 0.25 -1
16 92.55 80.00 0.017 0.3876 0.5833333333333334 1.28547 1.28547 -1 0.25 0.25 -1
16.92 92.55 82.50 0.017 0.40399999999999997 0.5833333333333334 1.28547 1.28547 -1 0.25 0.25 -1
15.4 92.55 85.00 0.017 0.40049999999999997 0.5833333333333334 1.28547 1.28547 -1 0.25 0.25 -1
12.4 92.55 87.50 0.017 0.3718 0.5833333333333334 1.28547 1.28547 -1 0.25 0.25 -1
12.2 92.55 90.00 0.017 0.3782 0.5833333333333334 1.28547 1.28547 -1 0.25 0.25 -1
10.86 92.55 92.50 0.017 0.3722 0.5833333333333334 1.28547 1.28547 -1 0.25 0.25 -1
9.75 92.55 95.00 0.017 0.3713 0.5833333333333334 1.28547 1.28547 -1 0.25 0.25 -1
8.45 92.55 97.50 0.017 0.3605 0.5833333333333334 1.28547 1.28547 -1 0.25 0.25 -1
7.5 92.55 100.00 0.017 0.359 0.5833333333333334 1.28547 1.28547 -1 0.25 0.25 -1
5.35 92.55 105.00 0.017 0.3375 0.5833333333333334 1.28547 1.28547 -1 0.25 0.25 -1
4.05 92.55 110.00 0.017 0.335 0.5833333333333334 1.28547 1.28547 -1 0.25 0.25 -1
2.7 92.55 115.00 0.017 0.3179 0.5833333333333334 1.28547 1.28547 -1 0.25 0.25 -1
1.74 92.55 120.00 0.017 0.3042 0.5833333333333334 1.28547 1.28547 -1 0.25 0.25 -1
1.19 92.55 125.00 0.017 0.3004 0.5833333333333334 1.28547 1.28547 -1 0.25 0.25 -1
0.8 92.55 130.00 0.017 0.29710000000000003 0.5833333333333334 1.28547 1.28547 -1 0.25 0.25 -1
0.43 92.55 135.00 0.017 0.2823 0.5833333333333334 1.28547 1.28547 -1 0.25 0.25 -1
