152.45 115 0.05 0.0019 0.01643835616438356 0 -1 0 -1
182.79 120 0.05 0.0019 0.01643835616438356 0 -1 0 -1
178.32 125 0.05 0.0019 0.01643835616438356 0 -1 0 -1
173.38 130 0.05 0.0019 0.01643835616438356 0 -1 0 -1
167.92 135 0.05 0.0019 0.01643835616438356 0 -1 0 -1
162.95 140 0.05 0.0019 0.01643835616438356 0 -1 0 -1
158.65 145 0.05 0.0019 0.01643835616438356 0 -1 0 -1
153.1 150 0.05 0.0019 0.01643835616438356 0 -1 0 -1
148.7 155 0.05 0.0019 0.01643835616438356 0 -1 0 -1
142.85 160 0.05 0.0019 0.01643835616438356 0 -1 0 -1
138.35 165 0.05 0.0019 0.01643835616438356 0 -1 0 -1
137.8 170 0.05 0.0019 0.01643835616438356 0 -1 0 -1
128.4 175 0.05 0.0019 0.01643835616438356 0 -1 0 -1
128.79 180 0.05 0.0019 0.01643835616438356 0 -1 0 -1
118.1 185 0.05 0.0019 0.01643835616438356 0 -1 0 -1
112.78 190 0.05 0.0019 0.01643835616438356 0 -1 0 -1
112.55 195 0.05 0.0019 0.01643835616438356 0 -1 0 -1
107.55 200 0.05 0.0019 0.01643835616438356 0 -1 0 -1
98.7 205 0.05 0.0019 0.01643835616438356 0 -1 0 -1
94.8 210 0.05 0.0019 0.01643835616438356 0 -1 0 -1
92.91 215 0.05 0.0019 0.01643835616438356 0 -1 0 -1
87.75 220 0.05 0.0019 0.01643835616438356 0 -1 0 -1
82.35 225 0.05 0.0019 0.01643835616438356 0 -1 0 -1
75 230 0.05 0.0019 0.01643835616438356 0 -1 0 -1
74.88 235 0.05 0.0019 0.01643835616438356 0 -1 0 -1
69.35 240 0.05 0.0019 0.01643835616438356 0 -1 0 -1
61.43 245 0.05 0.0019 0.01643835616438356 0 -1 0 -1
60.3 250 0.05 68.4475 0.01643835616438356 0 -1 0 -1
52.89 255 0.05 0.0019 0.01643835616438356 0 -1 0 -1
50.1 260 0.05 6.8543 0.01643835616438356 0 -1 0 -1
44.2 265 0.05 11.4791 0.01643835616438356 0 -1 0 -1
37.5 267.5 0.05 0.0019 0.01643835616438356 0 -1 0 -1
40.2 270 0.05 15.4184 0.01643835616438356 0 -1 0 -1
32.93 272.5 0.05 0.0019 0.01643835616438356 0 -1 0 -1
35.2 275 0.05 9.0165 0.01643835616438356 0 -1 0 -1
30.4 277.5 0.05 9.4882 0.01643835616438356 0 -1 0 -1
30.3 280 0.05 35.367 0.01643835616438356 0 -1 0 -1
27.8 282.5 0.05 32.6828 0.01643835616438356 0 -1 0 -1
25.4 285 0.05 33.8273 0.01643835616438356 0 -1 0 -1
22.9 287.5 0.05 30.9036 0.01643835616438356 0 -1 0 -1
20.5 290 0.05 30.3923 0.01643835616438356 0 -1 0 -1
18.1 292.5 0.05 29.1309 0.01643835616438356 0 -1 0 -1
15.79 295 0.05 28.5978 0.01643835616438356 0 -1 0 -1
13.57 297.5 0.05 28.1997 0.01643835616438356 0 -1 0 -1
11.45 300 0.05 27.7449 0.01643835616438356 0 -1 0 -1
9.35 302.5 0.05 26.4658 0.01643835616438356 0 -1 0 -1
7.55 305 0.05 26.3078 0.01643835616438356 0 -1 0 -1
5.85 307.5 0.05 25.5627 0.01643835616438356 0 -1 0 -1
4.45 310 0.05 25.3565 0.01643835616438356 0 -1 0 -1
3.15 312.5 0.05 24.3923 0.01643835616438356 0 -1 0 -1
2.2 315 0.05 24.1103 0.01643835616438356 0 -1 0 -1
1.53 317.5 0.05 24.2695 0.01643835616438356 0 -1 0 -1
1.02 320 0.05 24.2982 0.01643835616438356 0 -1 0 -1
0.67 322.5 0.05 24.4658 0.01643835616438356 0 -1 0 -1
0.44 325 0.05 24.7976 0.01643835616438356 0 -1 0 -1
0.21 330 0.05 26.1989 0.01643835616438356 0 -1 0 -1
0.13 335 0.05 28.7181 0.01643835616438356 0 -1 0 -1
0.08 340 0.05 30.9105 0.01643835616438356 0 -1 0 -1
0.06 345 0.05 33.7236 0.01643835616438356 0 -1 0 -1
0.04 350 0.05 35.7934 0.01643835616438356 0 -1 0 -1
0.02 355 0.05 36.5534 0.01643835616438356 0 -1 0 -1
0.02 360 0.05 39.908 0.01643835616438356 0 -1 0 -1
0.01 365 0.05 40.4203 0.01643835616438356 0 -1 0 -1
0.02 370 0.05 46.3937 0.01643835616438356 0 -1 0 -1
0.01 375 0.05 46.4367 0.01643835616438356 0 -1 0 -1
0.01 380 0.05 0 0.01643835616438356 0 -1 0 -1
0.01 385 0.05 0 0.01643835616438356 0 -1 0 -1
0.01 390 0.05 0 0.01643835616438356 0 -1 0 -1
0.02 395 0.05 0 0.01643835616438356 0 -1 0 -1
0.01 400 0.05 60.5114 0.01643835616438356 0 -1 0 -1
None 125 0.05 0.0019 0.03561643835616438 0 -1 0 -1
None 130 0.05 0.0019 0.03561643835616438 0 -1 0 -1
None 135 0.05 0.0019 0.03561643835616438 0 -1 0 -1
None 140 0.05 0.0019 0.03561643835616438 0 -1 0 -1
None 145 0.05 0.0019 0.03561643835616438 0 -1 0 -1
153.03 150 0.05 0.0019 0.03561643835616438 0 -1 0 -1
None 155 0.05 0.0019 0.03561643835616438 0 -1 0 -1
118.07 160 0.05 0.0019 0.03561643835616438 0 -1 0 -1
138.05 165 0.05 0.0019 0.03561643835616438 0 -1 0 -1
95.65 170 0.05 0.0019 0.03561643835616438 0 -1 0 -1
None 175 0.05 0.0019 0.03561643835616438 0 -1 0 -1
None 180 0.05 0.0019 0.03561643835616438 0 -1 0 -1
None 185 0.05 0.0019 0.03561643835616438 0 -1 0 -1
84.64 190 0.05 0.0019 0.03561643835616438 0 -1 0 -1
97.25 195 0.05 0.0019 0.03561643835616438 0 -1 0 -1
103.15 200 0.05 0.0019 0.03561643835616438 0 -1 0 -1
None 205 0.05 0.0019 0.03561643835616438 0 -1 0 -1
93.39 210 0.05 0.0019 0.03561643835616438 0 -1 0 -1
None 215 0.05 0.0019 0.03561643835616438 0 -1 0 -1
None 217.5 0.05 0.0019 0.03561643835616438 0 -1 0 -1
83.7 220 0.05 0.0019 0.03561643835616438 0 -1 0 -1
None 222.5 0.05 0.4609 0.03561643835616438 0 -1 0 -1
78.12 225 0.05 0.0019 0.03561643835616438 0 -1 0 -1
75.72 227.5 0.05 1.5923 0.03561643835616438 0 -1 0 -1
76.4 230 0.05 0.0019 0.03561643835616438 0 -1 0 -1
71.01 232.5 0.05 18.0981 0.03561643835616438 0 -1 0 -1
68.54 235 0.05 24.6126 0.03561643835616438 0 -1 0 -1
65.71 237.5 0.05 27.9042 0.03561643835616438 0 -1 0 -1
63.7 240 0.05 31.8433 0.03561643835616438 0 -1 0 -1
60.74 242.5 0.05 35.848 0.03561643835616438 0 -1 0 -1
64.4 245 0.05 20.1922 0.03561643835616438 0 -1 0 -1
55.77 247.5 0.05 30.2556 0.03561643835616438 0 -1 0 -1
57.6 250 0.05 0.0019 0.03561643835616438 0 -1 0 -1
50.78 252.5 0.05 18.4288 0.03561643835616438 0 -1 0 -1
53.5 255 0.05 15.4153 0.03561643835616438 0 -1 0 -1
52.08 257.5 0.05 36.2289 0.03561643835616438 0 -1 0 -1
50.09 260 0.05 30.5948 0.03561643835616438 0 -1 0 -1
41.6 262.5 0.05 28.043 0.03561643835616438 0 -1 0 -1
43.26 265 0.05 22.3469 0.03561643835616438 0 -1 0 -1
39.73 267.5 0.05 13.379 0.03561643835616438 0 -1 0 -1
39.65 270 0.05 12.9357 0.03561643835616438 0 -1 0 -1
37.79 272.5 0.05 24.5531 0.03561643835616438 0 -1 0 -1
35.6 275 0.05 35.1864 0.03561643835616438 0 -1 0 -1
28.42 277.5 0.05 0.0019 0.03561643835616438 0 -1 0 -1
30.51 280 0.05 28.9381 0.03561643835616438 0 -1 0 -1
28.37 282.5 0.05 32.5591 0.03561643835616438 0 -1 0 -1
26 285 0.05 31.6478 0.03561643835616438 0 -1 0 -1
23.65 287.5 0.05 30.6481 0.03561643835616438 0 -1 0 -1
21.2 290 0.05 28.4955 0.03561643835616438 0 -1 0 -1
17.01 292.5 0.05 8.7211 0.03561643835616438 0 -1 0 -1
17 295 0.05 28.7258 0.03561643835616438 0 -1 0 -1
15.05 297.5 0.05 28.8113 0.03561643835616438 0 -1 0 -1
13 300 0.05 27.7951 0.03561643835616438 0 -1 0 -1
10.72 302.5 0.05 25.2563 0.03561643835616438 0 -1 0 -1
9.25 305 0.05 26.0207 0.03561643835616438 0 -1 0 -1
7.8 307.5 0.05 26.1403 0.03561643835616438 0 -1 0 -1
6.4 310 0.05 25.8136 0.03561643835616438 0 -1 0 -1
5.05 312.5 0.05 25.0401 0.03561643835616438 0 -1 0 -1
4 315 0.05 24.837 0.03561643835616438 0 -1 0 -1
3.13 317.5 0.05 24.7347 0.03561643835616438 0 -1 0 -1
2.37 320 0.05 24.452 0.03561643835616438 0 -1 0 -1
1.76 322.5 0.05 24.2166 0.03561643835616438 0 -1 0 -1
1.33 325 0.05 24.3351 0.03561643835616438 0 -1 0 -1
0.73 330 0.05 24.5549 0.03561643835616438 0 -1 0 -1
0.44 335 0.05 25.5483 0.03561643835616438 0 -1 0 -1
0.3 340 0.05 27.1321 0.03561643835616438 0 -1 0 -1
0.23 345 0.05 29.1395 0.03561643835616438 0 -1 0 -1
0.16 350 0.05 30.4978 0.03561643835616438 0 -1 0 -1
0.13 355 0.05 32.4594 0.03561643835616438 0 -1 0 -1
0.1 360 0.05 34.03 0.03561643835616438 0 -1 0 -1
0.08 365 0.05 35.6664 0.03561643835616438 0 -1 0 -1
0.07 370 0.05 37.6051 0.03561643835616438 0 -1 0 -1
0.05 375 0.05 38.5339 0.03561643835616438 0 -1 0 -1
0.04 380 0.05 39.8919 0.03561643835616438 0 -1 0 -1
None 135 0.05 0.0019 0.0547945205479452 0 -1 0 -1
160.79 140 0.05 0.0019 0.0547945205479452 0 -1 0 -1
None 145 0.05 0.0019 0.0547945205479452 0 -1 0 -1
None 150 0.05 0.0019 0.0547945205479452 0 -1 0 -1
None 155 0.05 0.0019 0.0547945205479452 0 -1 0 -1
113.01 160 0.05 0.0019 0.0547945205479452 0 -1 0 -1
108.46 165 0.05 0.0019 0.0547945205479452 0 -1 0 -1
None 170 0.05 0.0019 0.0547945205479452 0 -1 0 -1
106.01 175 0.05 0.0019 0.0547945205479452 0 -1 0 -1
None 180 0.05 0.0019 0.0547945205479452 0 -1 0 -1
118.35 185 0.05 0.0019 0.0547945205479452 0 -1 0 -1
117.8 190 0.05 0.0019 0.0547945205479452 0 -1 0 -1
108.28 195 0.05 0.0019 0.0547945205479452 0 -1 0 -1
107.12 200 0.05 0.0019 0.0547945205479452 0 -1 0 -1
98.11 205 0.05 0.0019 0.0547945205479452 0 -1 0 -1
79.6 210 0.05 21.1967 0.0547945205479452 0 -1 0 -1
75.48 215 0.05 29.2286 0.0547945205479452 0 -1 0 -1
86.05 220 0.05 0.0019 0.0547945205479452 0 -1 0 -1
78.19 225 0.05 41.6679 0.0547945205479452 0 -1 0 -1
76.13 230 0.05 0.0019 0.0547945205479452 0 -1 0 -1
68.14 235 0.05 52.3043 0.0547945205479452 0 -1 0 -1
63 240 0.05 50.6062 0.0547945205479452 0 -1 0 -1
53.45 242.5 0.05 51.843 0.0547945205479452 0 -1 0 -1
58.24 245 0.05 49.245 0.0547945205479452 0 -1 0 -1
42.88 247.5 0.05 20.0246 0.0547945205479452 0 -1 0 -1
53.09 250 0.05 45.4989 0.0547945205479452 0 -1 0 -1
50.81 252.5 0.05 34.1468 0.0547945205479452 0 -1 0 -1
53.59 255 0.05 28.2893 0.0547945205479452 0 -1 0 -1
46.16 257.5 0.05 37.1384 0.0547945205479452 0 -1 0 -1
44.25 260 0.05 42.5792 0.0547945205479452 0 -1 0 -1
47 262.5 0.05 9.8461 0.0547945205479452 0 -1 0 -1
42.5 265 0.05 22.0034 0.0547945205479452 0 -1 0 -1
35.97 267.5 0.05 35.1775 0.0547945205479452 0 -1 0 -1
39.8 270 0.05 20.7603 0.0547945205479452 0 -1 0 -1
38.44 272.5 0.05 34.4599 0.0547945205479452 0 -1 0 -1
35.82 275 0.05 30.9698 0.0547945205479452 0 -1 0 -1
30.2 277.5 0.05 21.6872 0.0547945205479452 0 -1 0 -1
30.4 280 0.05 18.5626 0.0547945205479452 0 -1 0 -1
26.56 282.5 0.05 4.9698 0.0547945205479452 0 -1 0 -1
26.25 285 0.05 27.3945 0.0547945205479452 0 -1 0 -1
21.45 287.5 0.05 2.018 0.0547945205479452 0 -1 0 -1
21.68 290 0.05 26.0466 0.0547945205479452 0 -1 0 -1
20 292.5 0.05 28.2221 0.0547945205479452 0 -1 0 -1
17.91 295 0.05 27.5925 0.0547945205479452 0 -1 0 -1
15.76 297.5 0.05 26.399 0.0547945205479452 0 -1 0 -1
14.15 300 0.05 27.1036 0.0547945205479452 0 -1 0 -1
12.28 302.5 0.05 26.3316 0.0547945205479452 0 -1 0 -1
10.7 305 0.05 26.2365 0.0547945205479452 0 -1 0 -1
9 307.5 0.05 25.3068 0.0547945205479452 0 -1 0 -1
7.75 310 0.05 25.4925 0.0547945205479452 0 -1 0 -1
6.35 312.5 0.05 24.725 0.0547945205479452 0 -1 0 -1
5.2 315 0.05 24.3439 0.0547945205479452 0 -1 0 -1
4.15 317.5 0.05 23.8302 0.0547945205479452 0 -1 0 -1
3.3 320 0.05 23.5472 0.0547945205479452 0 -1 0 -1
2.61 322.5 0.05 23.3989 0.0547945205479452 0 -1 0 -1
2.04 325 0.05 23.2816 0.0547945205479452 0 -1 0 -1
1.23 330 0.05 23.278 0.0547945205479452 0 -1 0 -1
0.74 335 0.05 23.5352 0.0547945205479452 0 -1 0 -1
0.49 340 0.05 24.426 0.0547945205479452 0 -1 0 -1
0.34 345 0.05 25.4918 0.0547945205479452 0 -1 0 -1
0.26 350 0.05 26.9176 0.0547945205479452 0 -1 0 -1
0.22 355 0.05 28.6874 0.0547945205479452 0 -1 0 -1
0.23 360 0.05 31.3615 0.0547945205479452 0 -1 0 -1
0.14 365 0.05 31.3507 0.0547945205479452 0 -1 0 -1
0.14 370 0.05 33.5675 0.0547945205479452 0 -1 0 -1
0.1 375 0.05 34.1712 0.0547945205479452 0 -1 0 -1
0.05 380 0.05 33.3438 0.0547945205479452 0 -1 0 -1
0.08 385 0.05 37.1912 0.0547945205479452 0 -1 0 -1
0.07 390 0.05 38.5059 0.0547945205479452 0 -1 0 -1
152.4 145 0.05 0.0019 0.07397260273972603 0 -1 0 -1
None 150 0.05 0.0019 0.07397260273972603 0 -1 0 -1
None 155 0.05 0.0019 0.07397260273972603 0 -1 0 -1
141.75 160 0.05 0.0019 0.07397260273972603 0 -1 0 -1
None 165 0.05 0.0019 0.07397260273972603 0 -1 0 -1
None 170 0.05 0.0019 0.07397260273972603 0 -1 0 -1
None 175 0.05 0.0019 0.07397260273972603 0 -1 0 -1
None 180 0.05 0.0019 0.07397260273972603 0 -1 0 -1
None 185 0.05 0.0019 0.07397260273972603 0 -1 0 -1
113.01 190 0.05 0.0019 0.07397260273972603 0 -1 0 -1
94.63 195 0.05 18.9704 0.07397260273972603 0 -1 0 -1
102.99 200 0.05 30.0649 0.07397260273972603 0 -1 0 -1
97.93 205 0.05 38.8099 0.07397260273972603 0 -1 0 -1
79.37 210 0.05 45.0827 0.07397260273972603 0 -1 0 -1
None 215 0.05 30.6674 0.07397260273972603 0 -1 0 -1
86.8 220 0.05 0.0019 0.07397260273972603 0 -1 0 -1
84.71 225 0.05 35.1949 0.07397260273972603 0 -1 0 -1
78.03 230 0.05 8.268 0.07397260273972603 0 -1 0 -1
72.17 235 0.05 3.9074 0.07397260273972603 0 -1 0 -1
68.36 240 0.05 24.4089 0.07397260273972603 0 -1 0 -1
63.33 245 0.05 26.7403 0.07397260273972603 0 -1 0 -1
60.6 250 0.05 37.7576 0.07397260273972603 0 -1 0 -1
42 252.5 0.05 38.5559 0.07397260273972603 0 -1 0 -1
48.61 255 0.05 37.9079 0.07397260273972603 0 -1 0 -1
50.9 257.5 0.05 29.3023 0.07397260273972603 0 -1 0 -1
47.15 260 0.05 22.0462 0.07397260273972603 0 -1 0 -1
41.18 262.5 0.05 36.3075 0.07397260273972603 0 -1 0 -1
45.3 265 0.05 4.9749 0.07397260273972603 0 -1 0 -1
39.15 267.5 0.05 19.4525 0.07397260273972603 0 -1 0 -1
37.12 270 0.05 21.2352 0.07397260273972603 0 -1 0 -1
28.29 272.5 0.05 31.2929 0.07397260273972603 0 -1 0 -1
34.74 275 0.05 17.3057 0.07397260273972603 0 -1 0 -1
27.94 277.5 0.05 31.686 0.07397260273972603 0 -1 0 -1
31.72 280 0.05 30.2364 0.07397260273972603 0 -1 0 -1
24 282.5 0.05 30.5723 0.07397260273972603 0 -1 0 -1
27.15 285 0.05 28.8059 0.07397260273972603 0 -1 0 -1
25.51 287.5 0.05 30.8973 0.07397260273972603 0 -1 0 -1
23.1 290 0.05 29.0387 0.07397260273972603 0 -1 0 -1
21.04 292.5 0.05 28.5379 0.07397260273972603 0 -1 0 -1
18.21 295 0.05 24.8513 0.07397260273972603 0 -1 0 -1
16.75 297.5 0.05 26.2468 0.07397260273972603 0 -1 0 -1
15.5 300 0.05 27.7978 0.07397260273972603 0 -1 0 -1
13.8 302.5 0.05 27.4618 0.07397260273972603 0 -1 0 -1
12.1 305 0.05 26.8389 0.07397260273972603 0 -1 0 -1
10.5 307.5 0.05 26.2297 0.07397260273972603 0 -1 0 -1
9.1 310 0.05 25.9029 0.07397260273972603 0 -1 0 -1
7.8 312.5 0.05 25.5459 0.07397260273972603 0 -1 0 -1
6.6 315 0.05 25.1497 0.07397260273972603 0 -1 0 -1
5.52 317.5 0.05 24.7672 0.07397260273972603 0 -1 0 -1
4.55 320 0.05 24.3668 0.07397260273972603 0 -1 0 -1
3.75 322.5 0.05 24.1518 0.07397260273972603 0 -1 0 -1
3.05 325 0.05 23.9212 0.07397260273972603 0 -1 0 -1
1.93 330 0.05 23.4171 0.07397260273972603 0 -1 0 -1
1.24 335 0.05 23.4259 0.07397260273972603 0 -1 0 -1
0.81 340 0.05 23.7164 0.07397260273972603 0 -1 0 -1
0.55 345 0.05 24.2819 0.07397260273972603 0 -1 0 -1
0.4 350 0.05 25.1695 0.07397260273972603 0 -1 0 -1
0.33 355 0.05 26.5749 0.07397260273972603 0 -1 0 -1
0.26 360 0.05 27.6655 0.07397260273972603 0 -1 0 -1
0.22 365 0.05 28.996 0.07397260273972603 0 -1 0 -1
0.19 370 0.05 30.3358 0.07397260273972603 0 -1 0 -1
0.19 375 0.05 32.2733 0.07397260273972603 0 -1 0 -1
0.16 380 0.05 33.348 0.07397260273972603 0 -1 0 -1
None 150 0.05 0.0019 0.09315068493150686 0 -1 0 -1
None 155 0.05 0.0019 0.09315068493150686 0 -1 0 -1
None 160 0.05 0.0019 0.09315068493150686 0 -1 0 -1
None 165 0.05 0.0019 0.09315068493150686 0 -1 0 -1
None 170 0.05 0.0019 0.09315068493150686 0 -1 0 -1
None 175 0.05 0.0019 0.09315068493150686 0 -1 0 -1
123.29 180 0.05 4.1888 0.09315068493150686 0 -1 0 -1
118.27 185 0.05 24.6372 0.09315068493150686 0 -1 0 -1
None 190 0.05 35.9967 0.09315068493150686 0 -1 0 -1
None 195 0.05 44.2872 0.09315068493150686 0 -1 0 -1
103.13 200 0.05 14.3802 0.09315068493150686 0 -1 0 -1
None 205 0.05 32.9283 0.09315068493150686 0 -1 0 -1
None 210 0.05 27.6546 0.09315068493150686 0 -1 0 -1
None 215 0.05 51.9723 0.09315068493150686 0 -1 0 -1
None 220 0.05 44.8698 0.09315068493150686 0 -1 0 -1
None 225 0.05 44.574 0.09315068493150686 0 -1 0 -1
None 230 0.05 43.5794 0.09315068493150686 0 -1 0 -1
None 235 0.05 42.8846 0.09315068493150686 0 -1 0 -1
58.28 240 0.05 42.1964 0.09315068493150686 0 -1 0 -1
53.55 245 0.05 39.6343 0.09315068493150686 0 -1 0 -1
54.54 250 0.05 39.0397 0.09315068493150686 0 -1 0 -1
None 255 0.05 38.1523 0.09315068493150686 0 -1 0 -1
45.19 260 0.05 35.5134 0.09315068493150686 0 -1 0 -1
47.1 262.5 0.05 17.4303 0.09315068493150686 0 -1 0 -1
44.51 265 0.05 15.7828 0.09315068493150686 0 -1 0 -1
34.98 267.5 0.05 32.5524 0.09315068493150686 0 -1 0 -1
37.87 270 0.05 24.0891 0.09315068493150686 0 -1 0 -1
32.7 272.5 0.05 34.4935 0.09315068493150686 0 -1 0 -1
35.65 275 0.05 19.691 0.09315068493150686 0 -1 0 -1
29.07 277.5 0.05 31.8355 0.09315068493150686 0 -1 0 -1
32.49 280 0.05 30.8273 0.09315068493150686 0 -1 0 -1
29.2 282.5 0.05 24.8139 0.09315068493150686 0 -1 0 -1
27.85 285 0.05 28.6783 0.09315068493150686 0 -1 0 -1
24.79 287.5 0.05 24.2689 0.09315068493150686 0 -1 0 -1
21.52 290 0.05 18.6663 0.09315068493150686 0 -1 0 -1
21.3 292.5 0.05 26.2386 0.09315068493150686 0 -1 0 -1
20.1 295 0.05 28.3269 0.09315068493150686 0 -1 0 -1
17.23 297.5 0.05 24.8095 0.09315068493150686 0 -1 0 -1
16.75 300 0.05 28.3393 0.09315068493150686 0 -1 0 -1
14.28 302.5 0.05 25.7672 0.09315068493150686 0 -1 0 -1
13.5 305 0.05 27.6634 0.09315068493150686 0 -1 0 -1
11.9 307.5 0.05 27.0482 0.09315068493150686 0 -1 0 -1
10.6 310 0.05 26.9841 0.09315068493150686 0 -1 0 -1
9.05 312.5 0.05 26.0172 0.09315068493150686 0 -1 0 -1
7.96 315 0.05 25.9964 0.09315068493150686 0 -1 0 -1
6.8 317.5 0.05 25.5297 0.09315068493150686 0 -1 0 -1
5.72 320 0.05 24.9999 0.09315068493150686 0 -1 0 -1
4.75 322.5 0.05 24.4825 0.09315068493150686 0 -1 0 -1
3.95 325 0.05 24.1626 0.09315068493150686 0 -1 0 -1
2.64 330 0.05 23.5474 0.09315068493150686 0 -1 0 -1
1.72 335 0.05 23.1428 0.09315068493150686 0 -1 0 -1
1.15 340 0.05 23.1944 0.09315068493150686 0 -1 0 -1
0.76 345 0.05 23.3056 0.09315068493150686 0 -1 0 -1
0.55 350 0.05 23.9464 0.09315068493150686 0 -1 0 -1
0.38 355 0.05 24.3453 0.09315068493150686 0 -1 0 -1
0.28 360 0.05 25.0143 0.09315068493150686 0 -1 0 -1
0.2 365 0.05 25.5215 0.09315068493150686 0 -1 0 -1
0.24 370 0.05 28.0778 0.09315068493150686 0 -1 0 -1
0.12 375 0.05 27.0429 0.09315068493150686 0 -1 0 -1
0.16 380 0.05 29.794 0.09315068493150686 0 -1 0 -1
228.67 75 0.05 0.0019 0.11232876712328767 0 -1 0 -1
223.29 80 0.05 0.0019 0.11232876712328767 0 -1 0 -1
218.65 85 0.05 0.0019 0.11232876712328767 0 -1 0 -1
214.8 90 0.05 0.0019 0.11232876712328767 0 -1 0 -1
208.7 95 0.05 0.0019 0.11232876712328767 0 -1 0 -1
209.5 100 0.05 0.0019 0.11232876712328767 0 -1 0 -1
198.3 105 0.05 0.0019 0.11232876712328767 0 -1 0 -1
193.67 110 0.05 0.0019 0.11232876712328767 0 -1 0 -1
188.3 115 0.05 0.0019 0.11232876712328767 0 -1 0 -1
182.05 120 0.05 0.0019 0.11232876712328767 0 -1 0 -1
178.35 125 0.05 0.0019 0.11232876712328767 0 -1 0 -1
176 130 0.05 0.0019 0.11232876712328767 0 -1 0 -1
168.75 135 0.05 0.0019 0.11232876712328767 0 -1 0 -1
169.94 140 0.05 0.0019 0.11232876712328767 0 -1 0 -1
160.5 145 0.05 0.0019 0.11232876712328767 0 -1 0 -1
157.2 150 0.05 0.0019 0.11232876712328767 0 -1 0 -1
150.34 155 0.05 0.0019 0.11232876712328767 0 -1 0 -1
149.15 160 0.05 0.0019 0.11232876712328767 0 -1 0 -1
143.38 165 0.05 0.0019 0.11232876712328767 0 -1 0 -1
138 170 0.05 0.0019 0.11232876712328767 0 -1 0 -1
132.68 175 0.05 0.0019 0.11232876712328767 0 -1 0 -1
128.4 180 0.05 0.0019 0.11232876712328767 0 -1 0 -1
121.35 185 0.05 0.0019 0.11232876712328767 0 -1 0 -1
119.64 190 0.05 7.4551 0.11232876712328767 0 -1 0 -1
112.06 195 0.05 0.0019 0.11232876712328767 0 -1 0 -1
110.1 200 0.05 40.5752 0.11232876712328767 0 -1 0 -1
101.86 205 0.05 0.0019 0.11232876712328767 0 -1 0 -1
98.95 210 0.05 21.7825 0.11232876712328767 0 -1 0 -1
92.11 215 0.05 0.0019 0.11232876712328767 0 -1 0 -1
90.45 220 0.05 21.1513 0.11232876712328767 0 -1 0 -1
85 225 0.05 19.6541 0.11232876712328767 0 -1 0 -1
77.89 230 0.05 24.4612 0.11232876712328767 0 -1 0 -1
72.97 235 0.05 26.9848 0.11232876712328767 0 -1 0 -1
71 240 0.05 41.2443 0.11232876712328767 0 -1 0 -1
63.35 245 0.05 30.5132 0.11232876712328767 0 -1 0 -1
61.25 250 0.05 38.4368 0.11232876712328767 0 -1 0 -1
56.45 255 0.05 37.3475 0.11232876712328767 0 -1 0 -1
51.4 260 0.05 33.8774 0.11232876712328767 0 -1 0 -1
45.06 265 0.05 4.5387 0.11232876712328767 0 -1 0 -1
41.7 270 0.05 30.0376 0.11232876712328767 0 -1 0 -1
37.8 275 0.05 32.718 0.11232876712328767 0 -1 0 -1
33.4 280 0.05 31.7328 0.11232876712328767 0 -1 0 -1
29.13 285 0.05 30.7037 0.11232876712328767 0 -1 0 -1
25.1 290 0.05 29.8966 0.11232876712328767 0 -1 0 -1
21.45 295 0.05 29.5455 0.11232876712328767 0 -1 0 -1
17.88 300 0.05 28.6818 0.11232876712328767 0 -1 0 -1
14.65 305 0.05 27.9656 0.11232876712328767 0 -1 0 -1
11.7 310 0.05 27.1628 0.11232876712328767 0 -1 0 -1
9.05 315 0.05 26.2647 0.11232876712328767 0 -1 0 -1
6.7 320 0.05 25.2113 0.11232876712328767 0 -1 0 -1
4.85 325 0.05 24.4693 0.11232876712328767 0 -1 0 -1
3.35 330 0.05 23.6866 0.11232876712328767 0 -1 0 -1
2.28 335 0.05 23.2108 0.11232876712328767 0 -1 0 -1
1.5 340 0.05 22.7943 0.11232876712328767 0 -1 0 -1
1.01 345 0.05 22.7562 0.11232876712328767 0 -1 0 -1
0.7 350 0.05 22.9788 0.11232876712328767 0 -1 0 -1
0.5 355 0.05 23.3791 0.11232876712328767 0 -1 0 -1
0.36 360 0.05 23.8112 0.11232876712328767 0 -1 0 -1
0.28 365 0.05 24.5384 0.11232876712328767 0 -1 0 -1
0.21 370 0.05 25.0793 0.11232876712328767 0 -1 0 -1
0.19 375 0.05 26.2885 0.11232876712328767 0 -1 0 -1
0.18 380 0.05 27.6211 0.11232876712328767 0 -1 0 -1
0.12 385 0.05 27.5761 0.11232876712328767 0 -1 0 -1
0.15 390 0.05 29.8501 0.11232876712328767 0 -1 0 -1
0.1 395 0.05 29.6954 0.11232876712328767 0 -1 0 -1
0.09 400 0.05 30.6421 0.11232876712328767 0 -1 0 -1
0.04 405 0.05 29.2111 0.11232876712328767 0 -1 0 -1
0.06 410 0.05 31.732 0.11232876712328767 0 -1 0 -1
0.06 420 0.05 34.1336 0.11232876712328767 0 -1 0 -1
0.08 430 0.05 37.6133 0.11232876712328767 0 -1 0 -1
0.05 440 0.05 0 0.11232876712328767 0 -1 0 -1
0.04 450 0.05 39.2659 0.11232876712328767 0 -1 0 -1
0.01 460 0.05 36.6161 0.11232876712328767 0 -1 0 -1
0.03 470 0.05 0 0.11232876712328767 0 -1 0 -1
0.03 480 0.05 44.0759 0.11232876712328767 0 -1 0 -1
0.08 490 0.05 0 0.11232876712328767 0 -1 0 -1
0.02 500 0.05 46.0909 0.11232876712328767 0 -1 0 -1
None 185 0.05 30.4584 0.13150684931506848 0 -1 0 -1
None 190 0.05 23.3073 0.13150684931506848 0 -1 0 -1
None 195 0.05 39.6666 0.13150684931506848 0 -1 0 -1
None 200 0.05 47.0563 0.13150684931506848 0 -1 0 -1
None 205 0.05 47.0164 0.13150684931506848 0 -1 0 -1
None 210 0.05 46.2937 0.13150684931506848 0 -1 0 -1
None 215 0.05 45.9393 0.13150684931506848 0 -1 0 -1
None 220 0.05 45.0597 0.13150684931506848 0 -1 0 -1
None 225 0.05 44.7853 0.13150684931506848 0 -1 0 -1
None 230 0.05 42.8147 0.13150684931506848 0 -1 0 -1
74.17 235 0.05 35.5843 0.13150684931506848 0 -1 0 -1
64.32 240 0.05 40.5413 0.13150684931506848 0 -1 0 -1
None 245 0.05 39.5083 0.13150684931506848 0 -1 0 -1
57.78 250 0.05 27.6829 0.13150684931506848 0 -1 0 -1
None 255 0.05 37.1252 0.13150684931506848 0 -1 0 -1
48.1 260 0.05 26.7903 0.13150684931506848 0 -1 0 -1
42.3 265 0.05 34.9218 0.13150684931506848 0 -1 0 -1
41.18 270 0.05 23.5843 0.13150684931506848 0 -1 0 -1
None 275 0.05 32.806 0.13150684931506848 0 -1 0 -1
None 277.5 0.05 32.4318 0.13150684931506848 0 -1 0 -1
32.1 280 0.05 23.748 0.13150684931506848 0 -1 0 -1
29.92 282.5 0.05 23.6521 0.13150684931506848 0 -1 0 -1
26.73 285 0.05 19.0126 0.13150684931506848 0 -1 0 -1
None 287.5 0.05 31.0304 0.13150684931506848 0 -1 0 -1
25.8 290 0.05 29.5061 0.13150684931506848 0 -1 0 -1
22.9 292.5 0.05 26.4271 0.13150684931506848 0 -1 0 -1
21.2 295 0.05 26.5645 0.13150684931506848 0 -1 0 -1
19.72 297.5 0.05 27.0442 0.13150684931506848 0 -1 0 -1
19 300 0.05 29.1072 0.13150684931506848 0 -1 0 -1
17.28 302.5 0.05 28.5546 0.13150684931506848 0 -1 0 -1
15.72 305 0.05 28.2157 0.13150684931506848 0 -1 0 -1
14.08 307.5 0.05 27.5357 0.13150684931506848 0 -1 0 -1
12.8 310 0.05 27.4911 0.13150684931506848 0 -1 0 -1
11.75 312.5 0.05 27.7789 0.13150684931506848 0 -1 0 -1
10.25 315 0.05 26.8985 0.13150684931506848 0 -1 0 -1
8.83 317.5 0.05 26.0073 0.13150684931506848 0 -1 0 -1
7.48 320 0.05 25.0664 0.13150684931506848 0 -1 0 -1
6.8 322.5 0.05 25.4696 0.13150684931506848 0 -1 0 -1
5.79 325 0.05 24.9136 0.13150684931506848 0 -1 0 -1
4.3 330 0.05 24.4949 0.13150684931506848 0 -1 0 -1
2.95 335 0.05 23.6024 0.13150684931506848 0 -1 0 -1
1.98 340 0.05 22.9528 0.13150684931506848 0 -1 0 -1
1.35 345 0.05 22.7026 0.13150684931506848 0 -1 0 -1
1.04 350 0.05 23.2915 0.13150684931506848 0 -1 0 -1
0.73 355 0.05 23.3678 0.13150684931506848 0 -1 0 -1
0.91 360 0.05 26.4744 0.13150684931506848 0 -1 0 -1
0.38 365 0.05 23.8956 0.13150684931506848 0 -1 0 -1
0.11 370 0.05 21.155 0.13150684931506848 0 -1 0 -1
0.01 375 0.05 17.4177 0.13150684931506848 0 -1 0 -1
188.1 115 0.05 0.0019 0.18904109589041096 0 -1 0 -1
183.27 120 0.05 0.0019 0.18904109589041096 0 -1 0 -1
None 125 0.05 0.0019 0.18904109589041096 0 -1 0 -1
None 130 0.05 0.0019 0.18904109589041096 0 -1 0 -1
173.19 135 0.05 0.0019 0.18904109589041096 0 -1 0 -1
163.2 140 0.05 0.0019 0.18904109589041096 0 -1 0 -1
158.14 145 0.05 9.491 0.18904109589041096 0 -1 0 -1
153.5 150 0.05 21.7503 0.18904109589041096 0 -1 0 -1
148.27 155 0.05 34.2662 0.18904109589041096 0 -1 0 -1
143.08 160 0.05 44.8016 0.18904109589041096 0 -1 0 -1
143.56 165 0.05 0.0019 0.18904109589041096 0 -1 0 -1
123.25 170 0.05 34.026 0.18904109589041096 0 -1 0 -1
133.3 175 0.05 0.0019 0.18904109589041096 0 -1 0 -1
102.55 180 0.05 0.6532 0.18904109589041096 0 -1 0 -1
117.38 185 0.05 44.2697 0.18904109589041096 0 -1 0 -1
113.35 190 0.05 13.5375 0.18904109589041096 0 -1 0 -1
109.23 195 0.05 46.1368 0.18904109589041096 0 -1 0 -1
104 200 0.05 20.9783 0.18904109589041096 0 -1 0 -1
100.91 205 0.05 8.6766 0.18904109589041096 0 -1 0 -1
101 210 0.05 42.7632 0.18904109589041096 0 -1 0 -1
89.75 215 0.05 44.2953 0.18904109589041096 0 -1 0 -1
91.1 220 0.05 39.5439 0.18904109589041096 0 -1 0 -1
84.58 225 0.05 14.4424 0.18904109589041096 0 -1 0 -1
79.73 230 0.05 19.1944 0.18904109589041096 0 -1 0 -1
72.42 235 0.05 27.8106 0.18904109589041096 0 -1 0 -1
71.67 240 0.05 36.0131 0.18904109589041096 0 -1 0 -1
64 245 0.05 9.5055 0.18904109589041096 0 -1 0 -1
62.5 250 0.05 36.2308 0.18904109589041096 0 -1 0 -1
57.54 255 0.05 33.792 0.18904109589041096 0 -1 0 -1
53.39 260 0.05 34.8726 0.18904109589041096 0 -1 0 -1
47.12 265 0.05 26.5399 0.18904109589041096 0 -1 0 -1
44.53 270 0.05 33.1745 0.18904109589041096 0 -1 0 -1
40.4 275 0.05 32.7531 0.18904109589041096 0 -1 0 -1
36.33 280 0.05 32.0958 0.18904109589041096 0 -1 0 -1
32.35 285 0.05 31.294 0.18904109589041096 0 -1 0 -1
28.9 290 0.05 31.3035 0.18904109589041096 0 -1 0 -1
25.2 295 0.05 30.3345 0.18904109589041096 0 -1 0 -1
21.85 300 0.05 29.6844 0.18904109589041096 0 -1 0 -1
18.75 305 0.05 29.0895 0.18904109589041096 0 -1 0 -1
15.85 310 0.05 28.4249 0.18904109589041096 0 -1 0 -1
13.25 315 0.05 27.8544 0.18904109589041096 0 -1 0 -1
10.73 320 0.05 26.9486 0.18904109589041096 0 -1 0 -1
8.58 325 0.05 26.2265 0.18904109589041096 0 -1 0 -1
6.65 330 0.05 25.3901 0.18904109589041096 0 -1 0 -1
5.1 335 0.05 24.7713 0.18904109589041096 0 -1 0 -1
3.85 340 0.05 24.257 0.18904109589041096 0 -1 0 -1
2.86 345 0.05 23.8235 0.18904109589041096 0 -1 0 -1
2.07 350 0.05 23.3847 0.18904109589041096 0 -1 0 -1
1.54 355 0.05 23.2838 0.18904109589041096 0 -1 0 -1
1.17 360 0.05 23.3782 0.18904109589041096 0 -1 0 -1
0.85 365 0.05 23.2805 0.18904109589041096 0 -1 0 -1
0.67 370 0.05 23.6197 0.18904109589041096 0 -1 0 -1
0.46 375 0.05 23.361 0.18904109589041096 0 -1 0 -1
0.37 380 0.05 23.7912 0.18904109589041096 0 -1 0 -1
0.3 385 0.05 24.2299 0.18904109589041096 0 -1 0 -1
0.23 390 0.05 24.445 0.18904109589041096 0 -1 0 -1
0.22 395 0.05 25.8283 0.18904109589041096 0 -1 0 -1
0.21 400 0.05 26.3785 0.18904109589041096 0 -1 0 -1
0.29 405 0.05 27.3811 0.18904109589041096 0 -1 0 -1
0.21 410 0.05 28.7285 0.18904109589041096 0 -1 0 -1
0.2 415 0.05 29.2047 0.18904109589041096 0 -1 0 -1
0.15 420 0.05 29.3232 0.18904109589041096 0 -1 0 -1
0.13 425 0.05 29.7777 0.18904109589041096 0 -1 0 -1
0.11 430 0.05 30.1281 0.18904109589041096 0 -1 0 -1
0.12 435 0.05 31.3735 0.18904109589041096 0 -1 0 -1
0.09 440 0.05 31.2446 0.18904109589041096 0 -1 0 -1
None 445 0.05 0 0.18904109589041096 0 -1 0 -1
0.1 450 0.05 33.3858 0.18904109589041096 0 -1 0 -1
0.13 460 0.05 35.293 0.18904109589041096 0 -1 0 -1
0.1 470 0.05 36.7682 0.18904109589041096 0 -1 0 -1
0.04 480 0.05 0 0.18904109589041096 0 -1 0 -1
0.05 490 0.05 38.2118 0.18904109589041096 0 -1 0 -1
0.07 500 0.05 39.9933 0.18904109589041096 0 -1 0 -1
207.77 95 0.05 0.0019 0.36164383561643837 0 -1 0 -1
210 100 0.05 0.0019 0.36164383561643837 0 -1 0 -1
97.38 105 0.05 0.0019 0.36164383561643837 0 -1 0 -1
197.45 110 0.05 0.0019 0.36164383561643837 0 -1 0 -1
187.77 115 0.05 15.3478 0.36164383561643837 0 -1 0 -1
188.5 120 0.05 0.0019 0.36164383561643837 0 -1 0 -1
80.51 125 0.05 35.575 0.36164383561643837 0 -1 0 -1
156.05 130 0.05 39.5023 0.36164383561643837 0 -1 0 -1
167.77 135 0.05 43.5933 0.36164383561643837 0 -1 0 -1
103.8 140 0.05 23.5504 0.36164383561643837 0 -1 0 -1
105.66 145 0.05 26.7865 0.36164383561643837 0 -1 0 -1
154.08 150 0.05 36.8697 0.36164383561643837 0 -1 0 -1
149.2 155 0.05 25.4296 0.36164383561643837 0 -1 0 -1
92.03 160 0.05 18.4263 0.36164383561643837 0 -1 0 -1
139.4 165 0.05 39.3986 0.36164383561643837 0 -1 0 -1
134.48 170 0.05 39.0629 0.36164383561643837 0 -1 0 -1
128.83 175 0.05 42.1584 0.36164383561643837 0 -1 0 -1
112.9 180 0.05 40.2832 0.36164383561643837 0 -1 0 -1
119 185 0.05 40.3898 0.36164383561643837 0 -1 0 -1
115.04 190 0.05 37.1824 0.36164383561643837 0 -1 0 -1
109.24 195 0.05 39.7433 0.36164383561643837 0 -1 0 -1
107.62 200 0.05 30.213 0.36164383561643837 0 -1 0 -1
104.84 205 0.05 18.7848 0.36164383561643837 0 -1 0 -1
95.19 210 0.05 37.8297 0.36164383561643837 0 -1 0 -1
90.92 215 0.05 38.4619 0.36164383561643837 0 -1 0 -1
90.68 220 0.05 11.8071 0.36164383561643837 0 -1 0 -1
88 225 0.05 36.3006 0.36164383561643837 0 -1 0 -1
82.74 230 0.05 32.9388 0.36164383561643837 0 -1 0 -1
77.54 235 0.05 29.9015 0.36164383561643837 0 -1 0 -1
74.6 240 0.05 35.9144 0.36164383561643837 0 -1 0 -1
65.67 250 0.05 34.4804 0.36164383561643837 0 -1 0 -1
57.34 260 0.05 33.7845 0.36164383561643837 0 -1 0 -1
49.11 270 0.05 32.4578 0.36164383561643837 0 -1 0 -1
41.95 280 0.05 32.2295 0.36164383561643837 0 -1 0 -1
35.18 290 0.05 31.6523 0.36164383561643837 0 -1 0 -1
28.8 300 0.05 30.7498 0.36164383561643837 0 -1 0 -1
25.95 305 0.05 30.4399 0.36164383561643837 0 -1 0 -1
23.14 310 0.05 29.9568 0.36164383561643837 0 -1 0 -1
20.5 315 0.05 29.4752 0.36164383561643837 0 -1 0 -1
18.1 320 0.05 29.0835 0.36164383561643837 0 -1 0 -1
15.78 325 0.05 28.5631 0.36164383561643837 0 -1 0 -1
13.6 330 0.05 27.9891 0.36164383561643837 0 -1 0 -1
11.85 335 0.05 27.7675 0.36164383561643837 0 -1 0 -1
10.21 340 0.05 27.4653 0.36164383561643837 0 -1 0 -1
8.58 345 0.05 26.9262 0.36164383561643837 0 -1 0 -1
7.22 350 0.05 26.5452 0.36164383561643837 0 -1 0 -1
5.05 360 0.05 25.9533 0.36164383561643837 0 -1 0 -1
3.5 370 0.05 25.5781 0.36164383561643837 0 -1 0 -1
2.44 380 0.05 25.44 0.36164383561643837 0 -1 0 -1
1.7 390 0.05 25.4102 0.36164383561643837 0 -1 0 -1
1.2 400 0.05 25.5203 0.36164383561643837 0 -1 0 -1
0.8 410 0.05 25.3933 0.36164383561643837 0 -1 0 -1
0.7 420 0.05 26.522 0.36164383561643837 0 -1 0 -1
0.53 430 0.05 26.9282 0.36164383561643837 0 -1 0 -1
0.43 440 0.05 27.5891 0.36164383561643837 0 -1 0 -1
0.34 450 0.05 28.0963 0.36164383561643837 0 -1 0 -1
0.33 460 0.05 29.3707 0.36164383561643837 0 -1 0 -1
0.29 470 0.05 30.1908 0.36164383561643837 0 -1 0 -1
0.25 480 0.05 30.8854 0.36164383561643837 0 -1 0 -1
0.27 490 0.05 31.6174 0.36164383561643837 0 -1 0 -1
0.25 500 0.05 33.3372 0.36164383561643837 0 -1 0 -1
188 115 0.05 31.3237 0.4383561643835616 0 -1 0 -1
None 120 0.05 36.9362 0.4383561643835616 0 -1 0 -1
124 125 0.05 43.3531 0.4383561643835616 0 -1 0 -1
None 130 0.05 44.0702 0.4383561643835616 0 -1 0 -1
None 135 0.05 19.9811 0.4383561643835616 0 -1 0 -1
115.75 140 0.05 32.574 0.4383561643835616 0 -1 0 -1
86 145 0.05 32.8673 0.4383561643835616 0 -1 0 -1
131.89 150 0.05 36.1557 0.4383561643835616 0 -1 0 -1
152.02 155 0.05 15.1776 0.4383561643835616 0 -1 0 -1
103.84 160 0.05 10.7608 0.4383561643835616 0 -1 0 -1
121.1 165 0.05 35.8676 0.4383561643835616 0 -1 0 -1
118.15 170 0.05 39.4261 0.4383561643835616 0 -1 0 -1
None 175 0.05 38.1513 0.4383561643835616 0 -1 0 -1
102 180 0.05 38.243 0.4383561643835616 0 -1 0 -1
80.25 185 0.05 38.9074 0.4383561643835616 0 -1 0 -1
98.96 190 0.05 38.7216 0.4383561643835616 0 -1 0 -1
98.65 195 0.05 38.258 0.4383561643835616 0 -1 0 -1
86.06 200 0.05 38.3272 0.4383561643835616 0 -1 0 -1
84.75 210 0.05 37.2995 0.4383561643835616 0 -1 0 -1
85.65 220 0.05 36.2974 0.4383561643835616 0 -1 0 -1
70.89 225 0.05 36.1076 0.4383561643835616 0 -1 0 -1
77.84 230 0.05 35.6871 0.4383561643835616 0 -1 0 -1
74.14 235 0.05 35.4532 0.4383561643835616 0 -1 0 -1
72.38 240 0.05 23.3461 0.4383561643835616 0 -1 0 -1
65.27 245 0.05 34.1441 0.4383561643835616 0 -1 0 -1
67.05 250 0.05 34.0127 0.4383561643835616 0 -1 0 -1
60.18 255 0.05 27.558 0.4383561643835616 0 -1 0 -1
59 260 0.05 33.4991 0.4383561643835616 0 -1 0 -1
53.34 265 0.05 30.006 0.4383561643835616 0 -1 0 -1
51.25 270 0.05 32.7436 0.4383561643835616 0 -1 0 -1
45.75 275 0.05 29.5395 0.4383561643835616 0 -1 0 -1
43 280 0.05 30.5653 0.4383561643835616 0 -1 0 -1
39.3 285 0.05 29.9073 0.4383561643835616 0 -1 0 -1
36.5 290 0.05 30.3078 0.4383561643835616 0 -1 0 -1
33.55 295 0.05 30.2666 0.4383561643835616 0 -1 0 -1
31.03 300 0.05 30.5656 0.4383561643835616 0 -1 0 -1
28.38 305 0.05 30.4868 0.4383561643835616 0 -1 0 -1
25.29 310 0.05 29.6734 0.4383561643835616 0 -1 0 -1
22.95 315 0.05 29.5942 0.4383561643835616 0 -1 0 -1
20.58 320 0.05 29.2865 0.4383561643835616 0 -1 0 -1
17.6 325 0.05 28.0391 0.4383561643835616 0 -1 0 -1
16.2 330 0.05 28.5358 0.4383561643835616 0 -1 0 -1
13.96 335 0.05 27.7982 0.4383561643835616 0 -1 0 -1
12.4 340 0.05 27.7246 0.4383561643835616 0 -1 0 -1
10.75 345 0.05 27.3417 0.4383561643835616 0 -1 0 -1
9.3 350 0.05 27.0288 0.4383561643835616 0 -1 0 -1
8.05 355 0.05 26.8035 0.4383561643835616 0 -1 0 -1
6.76 360 0.05 26.3112 0.4383561643835616 0 -1 0 -1
5.48 365 0.05 25.5878 0.4383561643835616 0 -1 0 -1
5.05 370 0.05 26.1434 0.4383561643835616 0 -1 0 -1
3.75 375 0.05 25.7341 0.4383561643835616 0 -1 0 -1
3.65 380 0.05 25.8358 0.4383561643835616 0 -1 0 -1
3.09 385 0.05 25.708 0.4383561643835616 0 -1 0 -1
2.31 390 0.05 24.8009 0.4383561643835616 0 -1 0 -1
2.2 395 0.05 25.502 0.4383561643835616 0 -1 0 -1
1.95 400 0.05 25.7316 0.4383561643835616 0 -1 0 -1
1.5 405 0.05 26.4682 0.4383561643835616 0 -1 0 -1
1.3 410 0.05 25.2784 0.4383561643835616 0 -1 0 -1
1.22 415 0.05 25.8039 0.4383561643835616 0 -1 0 -1
1.03 420 0.05 25.7793 0.4383561643835616 0 -1 0 -1
0.98 425 0.05 26.3352 0.4383561643835616 0 -1 0 -1
0.8 430 0.05 26.1485 0.4383561643835616 0 -1 0 -1
0.66 440 0.05 26.7552 0.4383561643835616 0 -1 0 -1
0.55 450 0.05 27.3574 0.4383561643835616 0 -1 0 -1
174.66 115 0.05 40.9493 0.6109589041095891 0 -1 0 -1
156.8 120 0.05 42.8084 0.6109589041095891 0 -1 0 -1
None 125 0.05 11.4283 0.6109589041095891 0 -1 0 -1
167 130 0.05 22.2155 0.6109589041095891 0 -1 0 -1
None 135 0.05 27.819 0.6109589041095891 0 -1 0 -1
114 140 0.05 30.9437 0.6109589041095891 0 -1 0 -1
None 145 0.05 33.8767 0.6109589041095891 0 -1 0 -1
147.9 150 0.05 19.1932 0.6109589041095891 0 -1 0 -1
149.7 155 0.05 26.7607 0.6109589041095891 0 -1 0 -1
110 160 0.05 23.4791 0.6109589041095891 0 -1 0 -1
80.25 165 0.05 30.8609 0.6109589041095891 0 -1 0 -1
114 170 0.05 32.8893 0.6109589041095891 0 -1 0 -1
138.15 175 0.05 44.1896 0.6109589041095891 0 -1 0 -1
85.9 180 0.05 35.1992 0.6109589041095891 0 -1 0 -1
126.3 185 0.05 19.2589 0.6109589041095891 0 -1 0 -1
97.01 190 0.05 35.7333 0.6109589041095891 0 -1 0 -1
111.28 195 0.05 35.6362 0.6109589041095891 0 -1 0 -1
106.15 200 0.05 35.7801 0.6109589041095891 0 -1 0 -1
101.21 210 0.05 11.9765 0.6109589041095891 0 -1 0 -1
92.4 220 0.05 22.5853 0.6109589041095891 0 -1 0 -1
84.95 230 0.05 30.2358 0.6109589041095891 0 -1 0 -1
77.61 240 0.05 32.7768 0.6109589041095891 0 -1 0 -1
70 250 0.05 33.2309 0.6109589041095891 0 -1 0 -1
62.5 260 0.05 33.042 0.6109589041095891 0 -1 0 -1
54.45 270 0.05 31.5087 0.6109589041095891 0 -1 0 -1
48.4 280 0.05 32.0443 0.6109589041095891 0 -1 0 -1
41.6 290 0.05 31.0456 0.6109589041095891 0 -1 0 -1
36.13 300 0.05 31.0004 0.6109589041095891 0 -1 0 -1
33.5 305 0.05 30.8745 0.6109589041095891 0 -1 0 -1
30.85 310 0.05 30.5915 0.6109589041095891 0 -1 0 -1
27.95 315 0.05 29.9182 0.6109589041095891 0 -1 0 -1
25.4 320 0.05 29.4775 0.6109589041095891 0 -1 0 -1
23.9 325 0.05 29.9875 0.6109589041095891 0 -1 0 -1
21.3 330 0.05 29.2289 0.6109589041095891 0 -1 0 -1
19.27 335 0.05 28.927 0.6109589041095891 0 -1 0 -1
17.46 340 0.05 28.7246 0.6109589041095891 0 -1 0 -1
15.2 345 0.05 27.8988 0.6109589041095891 0 -1 0 -1
14 350 0.05 28.0947 0.6109589041095891 0 -1 0 -1
10.95 360 0.05 27.3755 0.6109589041095891 0 -1 0 -1
8.6 370 0.05 26.9529 0.6109589041095891 0 -1 0 -1
6.9 380 0.05 26.897 0.6109589041095891 0 -1 0 -1
5.37 390 0.05 26.6321 0.6109589041095891 0 -1 0 -1
4.25 400 0.05 26.5937 0.6109589041095891 0 -1 0 -1
3.22 410 0.05 26.2918 0.6109589041095891 0 -1 0 -1
2.43 420 0.05 26.0536 0.6109589041095891 0 -1 0 -1
2.13 430 0.05 26.592 0.6109589041095891 0 -1 0 -1
1.7 440 0.05 26.8387 0.6109589041095891 0 -1 0 -1
1.32 450 0.05 26.8247 0.6109589041095891 0 -1 0 -1
1.07 460 0.05 27.0202 0.6109589041095891 0 -1 0 -1
1.13 470 0.05 27.9205 0.6109589041095891 0 -1 0 -1
0.95 480 0.05 28.7595 0.6109589041095891 0 -1 0 -1
231.5 75 0.05 0.0019 0.6876712328767123 0 -1 0 -1
223.05 80 0.05 0.0019 0.6876712328767123 0 -1 0 -1
218.7 85 0.05 10.9017 0.6876712328767123 0 -1 0 -1
216.23 90 0.05 0.0019 0.6876712328767123 0 -1 0 -1
211 95 0.05 29.7109 0.6876712328767123 0 -1 0 -1
206.79 100 0.05 0.0019 0.6876712328767123 0 -1 0 -1
200.6 105 0.05 0.0019 0.6876712328767123 0 -1 0 -1
195.48 110 0.05 0.0019 0.6876712328767123 0 -1 0 -1
189.35 115 0.05 42.3257 0.6876712328767123 0 -1 0 -1
182.05 120 0.05 1.7595 0.6876712328767123 0 -1 0 -1
185.7 125 0.05 15.7788 0.6876712328767123 0 -1 0 -1
176.23 130 0.05 10.6807 0.6876712328767123 0 -1 0 -1
171.07 135 0.05 14.0103 0.6876712328767123 0 -1 0 -1
162 140 0.05 31.9049 0.6876712328767123 0 -1 0 -1
165 145 0.05 39.3463 0.6876712328767123 0 -1 0 -1
161 150 0.05 30.5064 0.6876712328767123 0 -1 0 -1
145 155 0.05 0.3843 0.6876712328767123 0 -1 0 -1
149.58 160 0.05 1.8536 0.6876712328767123 0 -1 0 -1
145 165 0.05 14.687 0.6876712328767123 0 -1 0 -1
142 170 0.05 32.4254 0.6876712328767123 0 -1 0 -1
134.96 175 0.05 16.3077 0.6876712328767123 0 -1 0 -1
130.7 180 0.05 24.1761 0.6876712328767123 0 -1 0 -1
121.18 185 0.05 34.7981 0.6876712328767123 0 -1 0 -1
123.11 190 0.05 34.692 0.6876712328767123 0 -1 0 -1
111.95 195 0.05 34.9919 0.6876712328767123 0 -1 0 -1
114 200 0.05 35.215 0.6876712328767123 0 -1 0 -1
108.5 205 0.05 31.317 0.6876712328767123 0 -1 0 -1
103.6 210 0.05 30.0438 0.6876712328767123 0 -1 0 -1
101.25 215 0.05 36.6759 0.6876712328767123 0 -1 0 -1
94.8 220 0.05 30.8907 0.6876712328767123 0 -1 0 -1
91.14 225 0.05 32.7248 0.6876712328767123 0 -1 0 -1
86.92 230 0.05 32.7072 0.6876712328767123 0 -1 0 -1
82.65 235 0.05 32.4025 0.6876712328767123 0 -1 0 -1
79 240 0.05 33.0897 0.6876712328767123 0 -1 0 -1
74.6 245 0.05 32.2407 0.6876712328767123 0 -1 0 -1
71.3 250 0.05 33.048 0.6876712328767123 0 -1 0 -1
65.08 255 0.05 29.2464 0.6876712328767123 0 -1 0 -1
63.9 260 0.05 32.8057 0.6876712328767123 0 -1 0 -1
57.7 265 0.05 29.1769 0.6876712328767123 0 -1 0 -1
56.5 270 0.05 32.0226 0.6876712328767123 0 -1 0 -1
51.46 275 0.05 29.8657 0.6876712328767123 0 -1 0 -1
50.1 280 0.05 31.9379 0.6876712328767123 0 -1 0 -1
46.7 285 0.05 31.4717 0.6876712328767123 0 -1 0 -1
43.7 290 0.05 31.323 0.6876712328767123 0 -1 0 -1
40.81 295 0.05 31.1627 0.6876712328767123 0 -1 0 -1
37.7 300 0.05 30.6554 0.6876712328767123 0 -1 0 -1
32.4 310 0.05 30.2188 0.6876712328767123 0 -1 0 -1
27.43 320 0.05 29.6302 0.6876712328767123 0 -1 0 -1
23.1 330 0.05 29.1935 0.6876712328767123 0 -1 0 -1
18.65 340 0.05 28.1608 0.6876712328767123 0 -1 0 -1
15.6 350 0.05 28.0561 0.6876712328767123 0 -1 0 -1
12.65 360 0.05 27.6064 0.6876712328767123 0 -1 0 -1
10.15 370 0.05 27.1929 0.6876712328767123 0 -1 0 -1
8.2 380 0.05 26.9943 0.6876712328767123 0 -1 0 -1
6.5 390 0.05 26.7012 0.6876712328767123 0 -1 0 -1
5.1 400 0.05 26.4194 0.6876712328767123 0 -1 0 -1
4.12 410 0.05 26.4399 0.6876712328767123 0 -1 0 -1
3.35 420 0.05 26.5282 0.6876712328767123 0 -1 0 -1
2.64 430 0.05 26.4282 0.6876712328767123 0 -1 0 -1
2.2 440 0.05 26.6886 0.6876712328767123 0 -1 0 -1
1.86 450 0.05 27.013 0.6876712328767123 0 -1 0 -1
1.53 460 0.05 27.1685 0.6876712328767123 0 -1 0 -1
1.23 470 0.05 27.2037 0.6876712328767123 0 -1 0 -1
1.16 480 0.05 28.01 0.6876712328767123 0 -1 0 -1
1.03 490 0.05 28.482 0.6876712328767123 0 -1 0 -1
0.9 500 0.05 28.8483 0.6876712328767123 0 -1 0 -1
235 75 0.05 24.1112 1.1095890410958904 0 -1 0 -1
224.35 80 0.05 29.4716 1.1095890410958904 0 -1 0 -1
203 85 0.05 37.4481 1.1095890410958904 0 -1 0 -1
216.87 90 0.05 0.4038 1.1095890410958904 0 -1 0 -1
207.7 95 0.05 40.4929 1.1095890410958904 0 -1 0 -1
206.88 100 0.05 13.5364 1.1095890410958904 0 -1 0 -1
148.08 105 0.05 4.181 1.1095890410958904 0 -1 0 -1
158.89 110 0.05 15.0573 1.1095890410958904 0 -1 0 -1
177.5 115 0.05 21.1208 1.1095890410958904 0 -1 0 -1
168.9 120 0.05 23.6705 1.1095890410958904 0 -1 0 -1
167.5 125 0.05 26.536 1.1095890410958904 0 -1 0 -1
174.1 130 0.05 28.6209 1.1095890410958904 0 -1 0 -1
123.37 135 0.05 30.1472 1.1095890410958904 0 -1 0 -1
172 140 0.05 24.3705 1.1095890410958904 0 -1 0 -1
165.09 145 0.05 12.3619 1.1095890410958904 0 -1 0 -1
158.46 150 0.05 32.6882 1.1095890410958904 0 -1 0 -1
150.4 155 0.05 24.0258 1.1095890410958904 0 -1 0 -1
150.98 160 0.05 22.0349 1.1095890410958904 0 -1 0 -1
139.68 165 0.05 30.479 1.1095890410958904 0 -1 0 -1
141.5 170 0.05 23.8612 1.1095890410958904 0 -1 0 -1
135.73 175 0.05 18.7431 1.1095890410958904 0 -1 0 -1
131 180 0.05 19.5961 1.1095890410958904 0 -1 0 -1
126 185 0.05 18.8479 1.1095890410958904 0 -1 0 -1
123.09 190 0.05 17.6454 1.1095890410958904 0 -1 0 -1
120.6 195 0.05 30.9402 1.1095890410958904 0 -1 0 -1
115.25 200 0.05 28.3318 1.1095890410958904 0 -1 0 -1
106.02 205 0.05 32.9296 1.1095890410958904 0 -1 0 -1
93 210 0.05 32.8823 1.1095890410958904 0 -1 0 -1
97.1 215 0.05 32.9169 1.1095890410958904 0 -1 0 -1
93.55 220 0.05 32.69 1.1095890410958904 0 -1 0 -1
95.64 225 0.05 31.5534 1.1095890410958904 0 -1 0 -1
92.44 230 0.05 32.5293 1.1095890410958904 0 -1 0 -1
87.92 235 0.05 31.5231 1.1095890410958904 0 -1 0 -1
84.04 240 0.05 31.3055 1.1095890410958904 0 -1 0 -1
80.76 245 0.05 31.7001 1.1095890410958904 0 -1 0 -1
77.15 250 0.05 31.5739 1.1095890410958904 0 -1 0 -1
70.75 260 0.05 31.8717 1.1095890410958904 0 -1 0 -1
64.03 270 0.05 31.4375 1.1095890410958904 0 -1 0 -1
58.96 275 0.05 29.5461 1.1095890410958904 0 -1 0 -1
57.78 280 0.05 31.1042 1.1095890410958904 0 -1 0 -1
52.63 285 0.05 29.0801 1.1095890410958904 0 -1 0 -1
52.3 290 0.05 31.0996 1.1095890410958904 0 -1 0 -1
44.9 295 0.05 30.5736 1.1095890410958904 0 -1 0 -1
46.25 300 0.05 30.306 1.1095890410958904 0 -1 0 -1
40.69 310 0.05 29.6257 1.1095890410958904 0 -1 0 -1
36.65 320 0.05 29.8348 1.1095890410958904 0 -1 0 -1
32 330 0.05 29.2796 1.1095890410958904 0 -1 0 -1
26.9 340 0.05 28.0946 1.1095890410958904 0 -1 0 -1
24.44 350 0.05 28.6694 1.1095890410958904 0 -1 0 -1
20.1 360 0.05 27.4964 1.1095890410958904 0 -1 0 -1
17.3 370 0.05 27.2703 1.1095890410958904 0 -1 0 -1
15.7 380 0.05 27.8188 1.1095890410958904 0 -1 0 -1
13.25 390 0.05 27.4085 1.1095890410958904 0 -1 0 -1
12.2 400 0.05 28.0719 1.1095890410958904 0 -1 0 -1
9.7 410 0.05 27.1197 1.1095890410958904 0 -1 0 -1
8 420 0.05 26.6948 1.1095890410958904 0 -1 0 -1
6.95 430 0.05 26.7853 1.1095890410958904 0 -1 0 -1
6.1 440 0.05 26.957 1.1095890410958904 0 -1 0 -1
5.2 450 0.05 26.8998 1.1095890410958904 0 -1 0 -1
4.1 460 0.05 26.3277 1.1095890410958904 0 -1 0 -1
3.85 470 0.05 27.1208 1.1095890410958904 0 -1 0 -1
3.25 480 0.05 26.8638 1.1095890410958904 0 -1 0 -1
2.91 490 0.05 27.1375 1.1095890410958904 0 -1 0 -1
2.5 500 0.05 27.1568 1.1095890410958904 0 -1 0 -1
167.85 110 0.05 20.9195 1.358904109589041 0 -1 0 -1
None 115 0.05 23.1585 1.358904109589041 0 -1 0 -1
122.3 120 0.05 25.5934 1.358904109589041 0 -1 0 -1
179.31 125 0.05 27.6509 1.358904109589041 0 -1 0 -1
174.36 130 0.05 28.489 1.358904109589041 0 -1 0 -1
136.69 135 0.05 9.8633 1.358904109589041 0 -1 0 -1
132.25 140 0.05 17.5877 1.358904109589041 0 -1 0 -1
164.5 145 0.05 4.8447 1.358904109589041 0 -1 0 -1
134.21 150 0.05 13.8091 1.358904109589041 0 -1 0 -1
98.64 155 0.05 26.1051 1.358904109589041 0 -1 0 -1
150 160 0.05 12.2487 1.358904109589041 0 -1 0 -1
99 165 0.05 29.2486 1.358904109589041 0 -1 0 -1
118.88 170 0.05 30.4534 1.358904109589041 0 -1 0 -1
89.66 175 0.05 31.076 1.358904109589041 0 -1 0 -1
117.5 180 0.05 31.4352 1.358904109589041 0 -1 0 -1
113.05 185 0.05 31.7463 1.358904109589041 0 -1 0 -1
123.97 190 0.05 19.8969 1.358904109589041 0 -1 0 -1
93.4 195 0.05 32.0792 1.358904109589041 0 -1 0 -1
108.25 200 0.05 30.9392 1.358904109589041 0 -1 0 -1
95.5 210 0.05 32.2941 1.358904109589041 0 -1 0 -1
100.62 220 0.05 29.0869 1.358904109589041 0 -1 0 -1
92.9 230 0.05 29.2157 1.358904109589041 0 -1 0 -1
87.04 240 0.05 30.9438 1.358904109589041 0 -1 0 -1
81 250 0.05 31.7506 1.358904109589041 0 -1 0 -1
68.3 260 0.05 31.4691 1.358904109589041 0 -1 0 -1
67.55 270 0.05 30.9036 1.358904109589041 0 -1 0 -1
61 280 0.05 30.2348 1.358904109589041 0 -1 0 -1
52.2 290 0.05 30.6226 1.358904109589041 0 -1 0 -1
50.5 300 0.05 30.1208 1.358904109589041 0 -1 0 -1
45.8 310 0.05 30.0608 1.358904109589041 0 -1 0 -1
40 320 0.05 28.9847 1.358904109589041 0 -1 0 -1
35.42 330 0.05 28.5357 1.358904109589041 0 -1 0 -1
32.65 340 0.05 29.1089 1.358904109589041 0 -1 0 -1
28.08 350 0.05 28.2083 1.358904109589041 0 -1 0 -1
25.9 360 0.05 28.768 1.358904109589041 0 -1 0 -1
21.3 370 0.05 27.3859 1.358904109589041 0 -1 0 -1
18.77 380 0.05 27.9814 1.358904109589041 0 -1 0 -1
16.59 390 0.05 27.2491 1.358904109589041 0 -1 0 -1
15.04 400 0.05 27.5458 1.358904109589041 0 -1 0 -1
12.49 410 0.05 27.8518 1.358904109589041 0 -1 0 -1
11.45 420 0.05 27.2499 1.358904109589041 0 -1 0 -1
10.2 430 0.05 27.3483 1.358904109589041 0 -1 0 -1
8.65 440 0.05 26.9967 1.358904109589041 0 -1 0 -1
6.9 450 0.05 27.2419 1.358904109589041 0 -1 0 -1
6.65 460 0.05 26.9677 1.358904109589041 0 -1 0 -1
5.8 470 0.05 26.9245 1.358904109589041 0 -1 0 -1
4.7 480 0.05 27.3215 1.358904109589041 0 -1 0 -1
4.5 490 0.05 26.9953 1.358904109589041 0 -1 0 -1
3.95 500 0.05 27.0086 1.358904109589041 0 -1 0 -1
190.85 110 0.05 22.725 1.704109589041096 0 -1 0 -1
165.65 115 0.05 24.0613 1.704109589041096 0 -1 0 -1
168.03 120 0.05 25.7759 1.704109589041096 0 -1 0 -1
183.69 125 0.05 32.5722 1.704109589041096 0 -1 0 -1
174.43 130 0.05 6.3897 1.704109589041096 0 -1 0 -1
176.83 135 0.05 24.0195 1.704109589041096 0 -1 0 -1
135 140 0.05 19.5729 1.704109589041096 0 -1 0 -1
160.06 145 0.05 14.3141 1.704109589041096 0 -1 0 -1
161.69 150 0.05 20.7357 1.704109589041096 0 -1 0 -1
134.35 155 0.05 26.0434 1.704109589041096 0 -1 0 -1
147.75 160 0.05 27.4906 1.704109589041096 0 -1 0 -1
118.5 165 0.05 28.604 1.704109589041096 0 -1 0 -1
122.5 170 0.05 29.1865 1.704109589041096 0 -1 0 -1
114 175 0.05 29.6677 1.704109589041096 0 -1 0 -1
137 180 0.05 29.2094 1.704109589041096 0 -1 0 -1
107.53 185 0.05 30.4545 1.704109589041096 0 -1 0 -1
117.59 190 0.05 30.589 1.704109589041096 0 -1 0 -1
118.01 195 0.05 30.7895 1.704109589041096 0 -1 0 -1
121.05 200 0.05 31.0328 1.704109589041096 0 -1 0 -1
116.95 205 0.05 30.882 1.704109589041096 0 -1 0 -1
97.5 210 0.05 31.1067 1.704109589041096 0 -1 0 -1
103.79 215 0.05 31.1402 1.704109589041096 0 -1 0 -1
103 220 0.05 27.9746 1.704109589041096 0 -1 0 -1
99.15 225 0.05 27.9572 1.704109589041096 0 -1 0 -1
97.27 230 0.05 29.9463 1.704109589041096 0 -1 0 -1
90.2 235 0.05 31.1662 1.704109589041096 0 -1 0 -1
91.45 240 0.05 31.0449 1.704109589041096 0 -1 0 -1
86.25 245 0.05 29.3602 1.704109589041096 0 -1 0 -1
85 250 0.05 31.1145 1.704109589041096 0 -1 0 -1
80.95 255 0.05 30.3615 1.704109589041096 0 -1 0 -1
78.5 260 0.05 30.8542 1.704109589041096 0 -1 0 -1
75.31 265 0.05 30.6805 1.704109589041096 0 -1 0 -1
72.32 270 0.05 30.5996 1.704109589041096 0 -1 0 -1
67.25 280 0.05 30.9064 1.704109589041096 0 -1 0 -1
60.25 290 0.05 29.6461 1.704109589041096 0 -1 0 -1
55.6 300 0.05 29.7907 1.704109589041096 0 -1 0 -1
50.9 310 0.05 29.6821 1.704109589041096 0 -1 0 -1
46.15 320 0.05 29.3449 1.704109589041096 0 -1 0 -1
41.78 330 0.05 29.0605 1.704109589041096 0 -1 0 -1
37.42 340 0.05 28.6019 1.704109589041096 0 -1 0 -1
33.85 350 0.05 28.4563 1.704109589041096 0 -1 0 -1
30.07 360 0.05 28.0077 1.704109589041096 0 -1 0 -1
27.05 370 0.05 27.8675 1.704109589041096 0 -1 0 -1
23.82 380 0.05 27.4284 1.704109589041096 0 -1 0 -1
21.77 390 0.05 27.6046 1.704109589041096 0 -1 0 -1
19.79 400 0.05 27.695 1.704109589041096 0 -1 0 -1
17.3 410 0.05 27.2909 1.704109589041096 0 -1 0 -1
16 415 0.05 26.9866 1.704109589041096 0 -1 0 -1
15.42 420 0.05 27.1751 1.704109589041096 0 -1 0 -1
14.2 425 0.05 26.8518 1.704109589041096 0 -1 0 -1
13.25 430 0.05 26.6933 1.704109589041096 0 -1 0 -1
13.05 435 0.05 27.0989 1.704109589041096 0 -1 0 -1
11.8 440 0.05 26.6321 1.704109589041096 0 -1 0 -1
11.45 445 0.05 26.872 1.704109589041096 0 -1 0 -1
10.95 450 0.05 26.9655 1.704109589041096 0 -1 0 -1
8.45 455 0.05 27.0581 1.704109589041096 0 -1 0 -1
10 460 0.05 27.0382 1.704109589041096 0 -1 0 -1
6.77 465 0.05 27.0606 1.704109589041096 0 -1 0 -1
8.35 470 0.05 26.5268 1.704109589041096 0 -1 0 -1
7.62 475 0.05 27.0065 1.704109589041096 0 -1 0 -1
8 480 0.05 27.0786 1.704109589041096 0 -1 0 -1
7.4 485 0.05 26.8957 1.704109589041096 0 -1 0 -1
7.03 490 0.05 27.0282 1.704109589041096 0 -1 0 -1
6.37 500 0.05 27.0123 1.704109589041096 0 -1 0 -1
4825 2.1068493150684930 -1 0 -1
126 195 0.05 27.8882 2.1068493150684930 -1 0 -1
121.75 200 0.05 27.6292 2.1068493150684930 -1 0 -1
116.04 210 0.05 30.1979 2.1068493150684930 -1 0 -1
108.23 220 0.05 29.701 2.1068493150684930 -1 0 -1
100.95 230 0.05 29.4809 2.1068493150684930 -1 0 -1
93.25 240 0.05 28.6741 2.1068493150684930 -1 0 -1
89.65 250 0.05 30.8402 2.1068493150684930 -1 0 -1
79.52 255 0.05 30.1511 2.1068493150684930 -1 0 -1
83.11 260 0.05 30.4045 2.1068493150684930 -1 0 -1
76.72 270 0.05 29.8988 2.1068493150684930 -1 0 -1
70.79 280 0.05 29.5276 2.1068493150684930 -1 0 -1
66.52 290 0.05 30.0076 2.1068493150684930 -1 0 -1
60.92 300 0.05 29.4832 2.1068493150684930 -1 0 -1
56.6 310 0.05 29.5547 2.1068493150684930 -1 0 -1
52.3 320 0.05 29.4708 2.1068493150684930 -1 0 -1
47.65 330 0.05 29.0378 2.1068493150684930 -1 0 -1
43.61 340 0.05 28.8045 2.1068493150684930 -1 0 -1
40.2 350 0.05 28.7818 2.1068493150684930 -1 0 -1
36.5 360 0.05 28.4622 2.1068493150684930 -1 0 -1
33.9 370 0.05 28.6284 2.1068493150684930 -1 0 -1
30.3 380 0.05 28.106 2.1068493150684930 -1 0 -1
27.32 390 0.05 27.8083 2.1068493150684930 -1 0 -1
25.2 400 0.05 27.8945 2.1068493150684930 -1 0 -1
21.8 410 0.05 27.0957 2.1068493150684930 -1 0 -1
18.88 415 0.05 27.3677 2.1068493150684930 -1 0 -1
20 420 0.05 27.1503 2.1068493150684930 -1 0 -1
19.6 425 0.05 27.4596 2.1068493150684930 -1 0 -1
18.17 430 0.05 27.0866 2.1068493150684930 -1 0 -1
15.95 435 0.05 26.143 2.1068493150684930 -1 0 -1
16.85 440 0.05 27.2636 2.1068493150684930 -1 0 -1
9 445 0.05 27.7695 2.1068493150684930 -1 0 -1
14.2 450 0.05 27.1127 2.1068493150684930 -1 0 -1
13.75 455 0.05 26.7032 2.1068493150684930 -1 0 -1
12.65 460 0.05 27.1322 2.1068493150684930 -1 0 -1
12.81 465 0.05 26.8012 2.1068493150684930 -1 0 -1
13.3 470 0.05 27.6117 2.1068493150684930 -1 0 -1
10.91 475 0.05 27.0984 2.1068493150684930 -1 0 -1
11.5 480 0.05 27.0914 2.1068493150684930 -1 0 -1
10.85 485 0.05 26.9836 2.1068493150684930 -1 0 -1
