P
5.65 92.55 70.00 0.017 0.4851 0.8333333333333334 1.28547 1.28547 1.28547 -1 0.25 0.25 0.25 -1
7.89 92.55 72.50 0.017 0.46950000000000003 0.8333333333333334 1.28547 1.28547 1.28547 -1 0.25 0.25 0.25 -1
7 92.55 75.00 0.017 0.4664 0.8333333333333334 1.28547 1.28547 1.28547 -1 0.25 0.25 0.25 -1
9 92.55 77.50 0.017 0.45909999999999995 0.8333333333333334 1.28547 1.28547 1.28547 -1 0.25 0.25 0.25 -1
9.8 92.55 80.00 0.017 0.44909999999999994 0.8333333333333334 1.28547 1.28547 1.28547 -1 0.25 0.25 0.25 -1
11 92.55 82.50 0.017 0.4407 0.8333333333333334 1.28547 1.28547 1.28547 -1 0.25 0.25 0.25 -1
12.01 92.55 85.00 0.017 0.4339 0.8333333333333334 1.28547 1.28547 1.28547 -1 0.25 0.25 0.25 -1
16.5 92.55 87.50 0.017 0.4378 0.8333333333333334 1.28547 1.28547 1.28547 -1 0.25 0.25 0.25 -1
15.1 92.55 90.00 0.017 0.42700000000000005 0.8333333333333334 1.28547 1.28547 1.28547 -1 0.25 0.25 0.25 -1
19.4 92.55 92.50 0.017 0.4214 0.8333333333333334 1.28547 1.28547 1.28547 -1 0.25 0.25 0.25 -1
17.58 92.55 95.00 0.017 0.4153 0.8333333333333334 1.28547 1.28547 1.28547 -1 0.25 0.25 0.25 -1
20.23 92.55 97.50 0.017 0.4194 0.8333333333333334 1.28547 1.28547 1.28547 -1 0.25 0.25 0.25 -1
18 92.55 100.00 0.017 0.423 0.8333333333333334 1.28547 1.28547 1.28547 -1 0.25 0.25 0.25 -1
23.85 92.55 105.00 0.017 0.4025 0.8333333333333334 1.28547 1.28547 1.28547 -1 0.25 0.25 0.25 -1
30.35 92.55 110.00 0.017 0.4006 0.8333333333333334 1.28547 1.28547 1.28547 -1 0.25 0.25 0.25 -1
46 92.55 115.00 0.017 0.4127 0.8333333333333334 1.28547 1.28547 1.28547 -1 0.25 0.25 0.25 -1
14 92.55 120.00 0.017 0.4233 0.8333333333333334 1.28547 1.28547 1.28547 -1 0.25 0.25 0.25 -1
20.5 92.55 125.00 0.017 0.4089 0.8333333333333334 1.28547 1.28547 1.28547 -1 0.25 0.25 0.25 -1
58.7 92.55 130.00 0.017 0.41659999999999997 0.8333333333333334 1.28547 1.28547 1.28547 -1 0.25 0.25 0.25 -1
0 92.55 135.00 0.017 0.442 0.8333333333333334 1.28547 1.28547 1.28547 -1 0.25 0.25 0.25 -1
