P
2.19 92.55 70 0.017 0.5158 0.4166666666666667 1.28547 -1 0.25 -1
2.59 92.55 72.5 0.017 0.5027 0.4166666666666667 1.28547 -1 0.25 -1
3.05 92.55 75 0.017 0.49 0.4166666666666667 1.28547 -1 0.25 -1
3.65 92.55 77.5 0.017 0.4824 0.4166666666666667 1.28547 -1 0.25 -1
4.24 92.55 80 0.017 0.46950000000000003 0.4166666666666667 1.28547 -1 0.25 -1
4.95 92.55 82.5 0.017 0.4593 0.4166666666666667 1.28547 -1 0.25 -1
5.75 92.55 85 0.017 0.4495 0.4166666666666667 1.28547 -1 0.25 -1
6.65 92.55 87.5 0.017 0.4401 0.4166666666666667 1.28547 -1 0.25 -1
7.7 92.55 90 0.017 0.4334 0.4166666666666667 1.28547 -1 0.25 -1
8.8 92.55 92.5 0.017 0.4243 0.4166666666666667 1.28547 -1 0.25 -1
10.02 92.55 95 0.017 0.41600000000000004 0.4166666666666667 1.28547 -1 0.25 -1
11.31 92.55 97.5 0.017 0.4061 0.4166666666666667 1.28547 -1 0.25 -1
12.75 92.55 100 0.017 0.3982 0.4166666666666667 1.28547 -1 0.25 -1
15.96 92.55 105 0.017 0.3834 0.4166666666666667 1.28547 -1 0.25 -1
25.25 92.55 110 0.017 0.3906 0.4166666666666667 1.28547 -1 0.25 -1
26 92.55 115 0.017 0.39049999999999996 0.4166666666666667 1.28547 -1 0.25 -1
33.8 92.55 120 0.017 0.37689999999999996 0.4166666666666667 1.28547 -1 0.25 -1
38.6 92.55 125 0.017 0.3821 0.4166666666666667 1.28547 -1 0.25 -1
43.25 92.55 130 0.017 0.4012 0.4166666666666667 1.28547 -1 0.25 -1
46.4 92.55 135 0.017 0.4335 0.4166666666666667 1.28547 -1 0.25 -1
